0	1.0
1	0.997
2	0.995
3	0.969
4	0.937
5	0.984
6	0.986
7	0.995
8	0.993
9	0.986
10	0.997
11	0.995
12	0.973
13	0.995
14	0.999
15	0.997
16	1.0
17	0.989
18	0.983
19	0.974
20	0.994
21	0.997
22	1.0
23	0.991
24	0.997
25	0.988
26	0.99
27	0.991
28	0.986
29	0.999
30	0.999
31	1.0
32	1.0
33	0.998
34	1.0
35	0.999
36	0.996
37	0.998
38	1.0
39	1.0
40	0.995
41	0.988
42	0.999
43	0.997
44	1.0
45	1.0
46	1.0
47	0.994
48	0.992
49	1.0
50	0.999
51	0.997
52	0.999
53	1.0
54	1.0
55	1.0
56	0.997
57	0.997
58	0.996
59	0.998
60	1.0
61	0.999
62	1.0
63	1.0
64	1.998
65	1.0
66	1.0
67	1.0
68	1.0
69	0.999
70	0.999
71	1.0
72	0.999
73	0.988
74	0.986
75	1.0
76	0.994
77	0.998
78	0.996
79	0.999
80	1.0
81	0.999
82	1.0
83	0.995
84	3.989
85	0.995
86	1.0
87	1.0
88	1.0
89	0.991
90	1.0
91	1.0
92	0.996
93	1.0
94	1.0
95	1.0
96	1.0
97	1.0
98	0.999
99	1.0
100	1.0
101	0.999
102	1.0
103	0.998
104	1.0
105	1.0
106	1.0
107	0.999
108	1.0
109	0.992
110	0.998
111	0.991
112	1.0
113	1.0
114	1.0
115	0.999
116	1.0
117	0.996
118	0.997
119	1.0
120	1.0
121	0.992
122	0.996
123	1.0
124	1.0
125	1.996
126	0.999
127	0.997
128	0.99
129	0.999
130	0.996
131	0.994
132	0.997
133	0.995
134	0.989
135	0.998
136	0.997
137	1.995
138	1.0
139	0.999
140	0.99
141	1.0
142	0.997
143	1.0
144	1.0
145	0.999
146	0.999
147	0.997
148	0.995
149	0.999
150	1.0
151	1.0
152	1.0
153	1.0
154	1.0
155	0.998
156	0.995
157	0.997
158	0.998
159	0.992
160	0.99
161	0.999
162	0.984
163	0.993
164	0.998
165	0.993
166	1.0
167	0.992
168	0.995
169	0.999
170	0.999
171	1.0
172	1.0
173	1.0
174	1.0
175	0.992
176	0.999
177	0.999
178	1.0
179	1.0
180	1.0
181	1.0
182	1.0
183	1.0
184	1.0
185	1.0
186	0.999
187	0.988
188	0.992
189	0.987
190	0.995
191	0.995
192	1.0
193	1.0
194	0.997
195	0.995
196	0.999
197	0.998
198	1.0
199	0.999
200	1.0
201	1.0
202	1.0
203	0.999
204	1.0
205	1.0
206	1.0
207	1.0
208	1.0
209	1.0
210	0.999
211	0.999
212	0.993
213	1.0
214	1.0
215	1.0
216	1.0
217	0.998
218	0.991
219	0.993
220	0.998
221	1.0
222	0.996
223	0.995
224	1.0
225	1.0
226	1.0
227	1.0
228	1.0
229	1.0
230	0.989
231	0.997
232	1.0
233	1.0
234	1.0
235	1.0
236	1.0
237	0.991
238	0.998
239	0.989
240	1.999
241	0.998
242	0.999
243	0.994
244	0.989
245	1.0
246	1.0
247	1.0
248	0.993
249	0.999
250	1.0
251	1.0
252	1.0
253	1.0
254	0.999
255	0.997
256	0.992
257	0.991
258	0.986
259	1.0
260	1.0
261	1.0
262	1.0
263	1.0
264	1.0
265	1.996
266	0.996
267	1.0
268	1.0
269	1.0
270	0.999
271	1.0
272	1.0
273	1.0
274	1.0
275	1.0
276	1.0
277	1.0
278	1.0
279	0.992
280	1.0
281	0.999
282	1.0
283	0.997
284	0.992
285	1.0
286	1.0
287	0.993
288	1.0
289	1.0
290	1.0
291	1.0
292	1.0
293	1.0
294	1.0
295	0.993
296	0.994
297	1.0
298	0.997
299	0.989
300	0.998
301	0.997
302	0.996
303	1.0
304	0.998
305	0.998
306	0.982
307	0.983
308	0.988
309	0.996
310	1.0
311	1.0
312	1.0
313	1.0
314	0.999
315	1.0
316	0.999
317	0.996
318	1.0
319	1.0
320	1.0
321	1.0
322	1.0
323	0.998
324	0.981
325	0.989
326	0.985
327	1.0
328	0.998
329	1.0
330	1.0
331	1.0
332	1.0
333	0.992
334	0.999
335	0.994
336	0.996
337	1.0
338	0.991
339	0.997
340	0.997
341	1.0
342	0.996
343	0.995
344	1.0
345	1.0
346	1.0
347	0.999
348	0.989
349	1.0
350	1.0
351	0.999
352	1.0
353	1.0
354	1.0
355	1.0
356	1.0
357	1.0
358	1.0
359	1.0
360	1.0
361	1.0
362	1.0
363	0.999
364	1.0
365	1.0
366	0.999
367	1.0
368	0.999
369	1.0
370	1.0
371	1.0
372	1.0
373	1.0
374	0.999
375	1.0
376	1.0
377	1.0
378	1.0
379	1.0
380	1.0
381	0.994
382	0.989
383	0.991
384	1.0
385	0.995
386	0.998
387	1.0
388	1.0
389	1.0
390	1.0
391	0.991
392	0.999
393	0.999
394	0.999
395	0.999
396	0.99
397	0.999
398	0.999
399	0.997
400	0.994
401	0.998
402	0.999
403	0.994
404	0.998
405	1.0
406	0.996
407	0.999
408	0.998
409	1.0
410	0.996
411	0.999
412	1.0
413	0.994
414	0.999
415	0.993
416	0.996
417	0.995
418	1.0
419	1.0
420	0.993
421	0.998
422	0.999
423	0.995
424	0.996
425	1.0
426	0.999
427	0.997
428	0.998
429	0.995
430	0.994
431	0.989
432	1.0
433	1.998
434	0.99
435	0.996
436	0.997
437	0.999
438	0.985
439	1.0
440	1.0
441	1.999
442	1.0
443	0.999
444	0.998
445	1.0
446	0.999
447	1.0
448	1.0
449	1.0
450	1.0
451	1.0
452	0.997
453	0.999
454	0.985
455	1.0
456	1.0
457	0.999
458	0.998
459	0.999
460	0.997
461	1.0
462	0.995
463	0.997
464	0.996
465	0.989
466	0.998
467	0.998
468	0.983
469	0.991
470	0.999
471	0.995
472	0.998
473	0.991
474	0.994
475	0.995
476	1.0
477	1.0
478	0.994
479	1.0
480	0.993
481	1.0
482	0.991
483	1.0
484	1.0
485	0.998
486	0.999
487	0.999
488	0.998
489	1.0
490	0.998
491	1.0
492	0.997
493	1.999
494	1.0
495	0.995
496	0.999
497	0.999
498	0.999
499	0.993
500	0.996
501	0.988
502	0.996
503	0.996
504	0.987
505	0.992
506	0.999
507	1.0
508	1.0
509	0.997
510	0.999
511	0.999
512	0.995
513	0.99
514	1.0
515	0.987
516	1.0
517	0.987
518	0.987
519	0.999
520	1.0
521	0.992
522	0.994
523	0.99
524	0.996
525	0.995
526	0.996
527	0.993
528	0.994
529	0.995
530	0.994
531	0.995
532	0.999
533	0.993
534	0.99
535	0.994
536	0.999
537	1.0
538	1.999
539	1.0
540	0.995
541	0.999
542	1.0
543	1.0
544	1.0
545	0.991
546	0.993
547	0.999
548	0.998
549	0.996
550	1.0
551	1.0
552	0.998
553	0.999
554	0.993
555	0.997
556	0.995
557	0.993
558	1.0
559	1.0
560	1.0
561	1.0
562	0.999
563	0.999
564	0.999
565	0.994
566	1.0
567	1.0
568	0.995
569	0.989
570	0.993
571	0.998
572	0.993
573	0.989
574	1.0
575	1.0
576	0.995
577	0.995
578	1.0
579	0.997
580	0.996
581	0.993
582	1.9929999999999999
583	0.996
584	0.999
585	0.986
586	0.995
587	0.998
588	0.992
589	0.976
590	0.992
591	0.99
592	1.0
593	0.999
594	0.998
595	1.999
596	1.0
597	0.994
598	1.0
599	0.999
600	0.999
601	0.999
602	1.0
603	1.0
604	0.998
605	0.989
606	0.995
607	0.989
608	1.0
609	0.989
610	1.0
611	1.0
612	0.998
613	1.0
614	0.999
615	0.991
616	1.0
617	1.998
618	1.0
619	1.0
620	1.0
621	1.0
622	0.998
623	1.0
624	1.0
625	1.0
626	0.999
627	0.999
628	0.976
629	0.993
630	0.997
631	0.988
632	0.999
633	1.0
634	1.0
635	1.0
636	1.0
637	0.999
638	0.999
639	1.0
640	1.0
641	1.0
642	0.998
643	1.0
644	1.0
645	1.0
646	1.0
647	0.999
648	1.0
649	1.0
650	1.0
651	0.999
652	1.0
653	0.988
654	0.995
655	0.995
656	0.992
657	0.991
658	0.997
659	1.0
660	1.0
661	0.992
662	1.0
663	1.0
664	1.0
665	0.998
666	1.0
667	0.999
668	1.0
669	0.998
670	1.0
671	1.0
672	0.998
673	0.999
674	0.999
675	0.999
676	1.0
677	0.988
678	1.0
679	0.997
680	0.995
681	1.0
682	0.993
683	0.985
684	0.995
685	0.998
686	0.997
687	0.996
688	0.998
689	1.0
690	1.0
691	0.999
692	0.999
693	1.0
694	0.994
695	0.997
696	0.99
697	0.993
698	0.997
699	0.984
700	0.999
701	0.996
702	1.0
703	0.999
704	0.998
705	1.0
706	0.995
707	1.0
708	1.0
709	1.0
710	1.0
711	0.997
712	0.997
713	1.0
714	1.0
715	1.0
716	0.999
717	0.991
718	1.996
719	0.998
720	0.993
721	0.993
722	0.993
723	1.0
724	0.997
725	1.992
726	1.0
727	0.992
728	0.99
729	0.996
730	1.0
731	0.998
732	1.0
733	1.0
734	1.0
735	1.0
736	0.995
737	0.996
738	0.992
739	1.0
740	1.0
741	0.994
742	0.995
743	0.993
744	0.992
745	0.996
746	1.0
747	1.0
748	0.999
749	0.989
750	0.999
751	0.998
752	0.992
753	0.999
754	0.997
755	0.992
756	0.999
757	0.999
758	1.0
759	0.991
760	0.998
761	1.0
762	1.0
763	1.0
764	0.99
765	0.995
766	0.994
767	0.998
768	0.996
769	0.996
770	0.999
771	0.996
772	0.997
773	0.995
774	1.0
775	1.0
776	1.998
777	1.0
778	0.999
779	0.997
780	0.99
781	0.999
782	1.0
783	1.0
784	1.0
785	0.999
786	0.991
787	0.996
788	1.0
789	0.998
790	1.0
791	1.0
792	0.995
793	0.993
794	0.997
795	0.981
796	0.993
797	0.989
798	1.0
799	1.0
800	1.0
801	0.996
802	0.998
803	1.0
804	1.0
805	0.998
806	0.999
807	1.0
808	0.994
809	1.0
810	1.0
811	0.999
812	1.0
813	1.0
814	0.997
815	0.994
816	0.998
817	1.0
818	1.987
819	0.991
820	0.993
821	0.999
822	0.996
823	1.0
824	1.0
825	0.999
826	0.998
827	1.0
828	0.993
829	0.994
830	0.988
831	1.0
832	1.0
833	0.993
834	0.986
835	1.0
836	0.998
837	0.998
838	1.0
839	1.0
840	0.999
841	0.994
842	0.997
843	0.999
844	1.0
845	0.999
846	1.0
847	0.999
848	0.996
849	0.999
850	0.997
851	0.979
852	0.997
853	0.997
854	0.994
855	0.994
856	0.999
857	1.0
858	1.0
859	0.995
860	0.996
861	0.988
862	0.997
863	0.996
864	0.99
865	0.997
866	0.998
867	1.0
868	1.0
869	1.0
870	1.0
871	0.973
872	1.0
873	1.0
874	1.0
875	0.997
876	0.998
877	0.996
878	1.0
879	0.996
880	0.993
881	0.999
882	0.986
883	0.985
884	0.993
885	1.0
886	1.0
887	0.999
888	1.0
889	1.0
890	1.0
891	0.999
892	0.991
893	0.999
894	1.0
895	1.0
896	0.988
897	0.999
898	0.994
899	0.997
900	0.999
901	0.997
902	0.993
903	1.0
904	1.0
905	0.999
906	0.998
907	1.0
908	0.999
909	0.998
910	0.999
911	0.998
912	1.0
913	1.0
914	1.0
915	1.0
916	1.0
917	0.99
918	0.999
919	1.0
920	1.0
921	1.0
922	1.0
923	1.0
924	1.0
925	0.999
926	1.996
927	0.994
928	0.995
929	0.994
930	1.0
931	1.0
932	1.0
933	1.0
934	1.0
935	1.0
936	0.999
937	0.992
938	0.999
939	1.0
940	0.996
941	1.0
942	1.0
943	1.0
944	1.0
945	1.0
946	0.995
947	0.994
948	0.996
949	1.0
950	1.0
951	1.0
952	1.0
953	1.0
954	1.0
955	1.0
956	1.0
957	0.999
958	0.998
959	1.0
960	1.0
961	1.0
962	1.0
963	0.998
964	1.0
965	0.993
966	0.999
967	0.994
968	1.0
969	0.997
970	0.993
971	1.0
972	1.0
973	1.0
974	1.0
975	1.0
976	1.999
977	1.999
978	1.0
979	1.0
980	1.0
981	0.985
982	0.999
983	1.0
984	1.0
985	1.0
986	1.0
987	1.0
988	1.998
989	1.0
990	0.999
991	0.99
992	0.983
993	1.0
994	1.0
995	1.0
996	1.0
997	1.0
998	1.0
999	1.0
