# Name of the Graph:
bla
# Number of Nodes:
100
# Number of Edges:
800

0:1;96;56;33;42;62;59;32;26;75
1:0;5;53;60;40;70;91;41;19
96:0;7;10;24;47;51;90;94
56:0;40;52;53;55;57;58;59;67
33:0;26;30;34;36;85;93
42:0;9;21;26;30;38;46;84;90;57
62:0;10;23;31;61;64;63
59:0;35;56;63;84;71;75;85
32:0;8;10;18;29;31;34;36;99;61
26:0;13;23;25;42;89;58;33
75:0;14;15;20;37;59
5:1;3;4;27;89;49;28;99;39;98;80;85
53:1;11;14;18;25;36;38;46;51;52;55;56;90;58;67
60:1;34;37;38;46;47;89;61
40:1;16;38;56;48
70:1;4;18;21;36;66;68
91:1;19;25;36;43;92;94
41:1;15;23;27;39;45;49;86
19:1;17;18;20;21;22;48;91;34
2:99;6;65;79;72;57;54;84
99:2;5;17;32;66;77;82;98
6:2;4;8;36;24;76;89
65:2;24;52;63;89
79:2;14;16;78;80;87;90
72:2;9;29;47;61;69;71;81;94;77
57:2;29;42;52;56;58
54:2;10;21;66;84;83;89;61
84:2;42;45;54;59;83;87
3:5;38;28;73
38:3;10;35;40;42;69;47;83;60;50;53
28:3;5;8;22;25;27;97;90;77
73:3;37;43;69;74;86
4:5;6;7;8;74;70;78;92
7:4;12;69;82;88;96;71;8;66;64
8:4;6;7;11;32;28;46;58;29;14;97
74:4;39;45;73;87;76;89
78:4;25;77;79;80
92:4;45;89;91;94;95
27:5;14;24;41;98;28;88
89:5;6;26;45;54;60;65;74;80;92;90
49:5;9;41;50;80;66
39:5;17;35;41;77;74
98:5;12;27;37;99
80:5;11;23;30;49;55;64;71;77;78;79;89;97
85:5;13;24;33;59
36:6;13;32;33;34;35;70;53;91;81
24:6;20;27;85;43;65;86;94;96;93
76:6;14;15;18;20;74
12:7;9;11;13;61;45;48;98;63;93
69:7;10;38;48;72;73
82:7;66;86;99
88:7;13;14;16;27
71:7;15;18;34;59;72;80
66:7;20;49;51;54;58;63;64;93;82;99;70
64:7;47;62;66;67;80;77
11:8;12;30;86;48;53;80
46:8;21;42;77;60;47;53
58:8;26;53;55;56;57;61;66;93
29:8;18;25;32;72;57
14:8;87;63;75;52;55;79;88;27;83;53;30;76
97:8;20;28;80;81;95
9:10;12;86;42;50;72;49
10:9;90;32;62;69;96;67;38;13;16;54
86:9;11;24;41;43;44;50;61;73;82;95
50:9;35;38;48;49;51;77;95;86
90:10;28;31;37;42;53;67;79;87;89;96
67:10;16;47;53;56;64;90
13:10;12;17;93;36;85;26;15;88
16:10;55;79;48;40;67;88;47
30:11;14;18;20;33;42;80
48:11;12;16;19;23;40;45;69;93;50
61:12;32;54;58;60;62;63;81;86;72
45:12;17;23;41;44;48;84;92;74;89
63:12;14;35;59;61;62;66;95;65
93:12;13;15;24;33;48;58;66;68;94
17:13;15;81;39;19;45;99
15:13;17;71;37;75;76;93;41
87:14;43;44;74;79;84;90
52:14;51;53;56;68;65;57
55:14;16;53;56;58;80
83:14;38;51;54;81;84
37:15;81;60;90;75;73;98
47:16;38;43;44;46;96;77;67;72;64;60
81:17;36;37;44;61;72;83;97
18:19;30;70;53;76;32;71;44;22;29
44:18;31;45;47;87;86;81
22:18;19;23;25;28
20:19;24;66;97;76;30;75;51;43
21:19;70;68;42;54;46
34:19;31;32;33;35;36;71;60
51:20;23;50;52;53;96;94;66;83
43:20;24;47;91;73;87;86;94
68:21;31;52;70;93
23:22;51;80;48;41;26;45;62
25:22;28;29;78;53;26;91
94:24;43;51;72;91;92;93;96
77:28;39;46;47;50;64;72;99;80;78
31:32;34;62;90;44;68;95
95:31;50;63;86;92;97
35:34;36;38;39;59;50;63
