0.0	0.0	0.0	0.0	0.0	0.0	0.0	0.0	0.0	0.0
1.0	0.2757735	0.278707	0.257803	0.286013	7.262961944999995E-5	1.0674814124999999E-4	4.988393824999991E-5	0.2704913229291407	0.2810556770708593
2.0	0.2579979	0.257942	0.224845	0.279126	2.2977270649000018E-4	2.1675018774333353E-4	2.4930648461000005E-4	0.24860271597172262	0.2673930840282774
3.0	0.06791929999999999	0.068951	0.063428	0.070965	5.548322609999997E-6	6.9181550499999495E-6	4.178490170000043E-6	0.06645935355788042	0.06937924644211955
4.0	0.0574254	0.057116	0.054431	0.061519	5.03034644E-6	3.546782293333339E-6	7.25569265999999E-6	0.056035271269129945	0.05881552873087006
5.0	0.06732560000000001	0.068024	0.062781	0.071435	5.708914839999996E-6	7.960160110000067E-6	4.208084659999948E-6	0.06584467571937848	0.06880652428062155
6.0	0.031141800000000008	0.031114	0.028971	0.034238	2.8118313599999985E-6	1.968518540000018E-6	4.076800589999969E-6	0.03010247659736847	0.032181123402631545
7.0	0.0294848	0.02978	0.027534	0.032485	1.7751225599999998E-6	1.8595612899999965E-6	1.7188300733333357E-6	0.028659008814136647	0.03031059118586335
8.0	0.021605199999999998	0.021996	0.019336	0.024	1.687818760000001E-6	1.6565481599999963E-6	1.719089360000005E-6	0.02079997179952413	0.022410428200475865
9.0	0.0238815	0.024564	0.021604	0.026138	1.9668400499999993E-6	2.802036749999997E-6	1.4100422500000013E-6	0.02301225821913118	0.02475074178086882
10.0	0.016924799999999997	0.017366	0.014538	0.019367	1.6534861599999993E-6	2.2226351399999916E-6	1.2740535066666707E-6	0.016127803611535405	0.01772179638846459
11.0	0.013559199999999999	0.013355	0.012276	0.015833	8.987135599999999E-7	5.140287733333317E-7	1.4757407400000022E-6	0.012971620387343468	0.01414677961265653
12.0	0.0123944	0.012626	0.010887	0.014183	1.0103660399999997E-6	1.33318731E-6	7.951518599999996E-7	0.011771389391802676	0.013017410608197324
13.0	0.010671000000000002	0.010831	0.009004	0.012748	1.1425486000000002E-6	1.4623815000000027E-6	9.293266666666647E-7	0.010008488513174301	0.011333511486825702
14.0	0.010309700000000002	0.010533	0.008814	0.012247	1.0494686099999997E-6	1.3119764900000031E-6	8.74463356666664E-7	0.009674748142598513	0.01094465185740149
15.0	0.008308400000000002	0.008492	0.006897	0.009825	7.541372399999998E-7	9.802779600000034E-7	6.033767599999975E-7	0.007770153437430022	0.008846646562569983
16.0	0.007368500000000002	0.007362	0.00628	0.009047	6.044912499999999E-7	4.211412500000019E-7	8.795162499999969E-7	0.00688660648624411	0.007850393513755894
17.0	0.006681999999999999	0.006695	0.005582	0.008175	5.798959999999999E-7	5.460585999999985E-7	6.137334000000017E-7	0.006210011814385147	0.007153988185614851
18.0	0.0059994	0.00615	0.004723	0.007225	5.626268399999999E-7	5.924496000000005E-7	5.328040799999996E-7	0.005534492776078496	0.0064643072239215045
19.0	0.005323200000000001	0.005359	0.004394	0.006624	4.302349599999998E-7	3.760896800000009E-7	4.843802399999988E-7	0.00491665472302141	0.0057297452769785925
20.0	0.004923200000000001	0.00499	0.003957	0.006072	3.585391600000001E-7	3.4402604000000077E-7	3.730522799999994E-7	0.004552071445849825	0.005294328554150176
21.0	0.004336700000000001	0.004314	0.003432	0.005487	3.7200580999999995E-7	2.950262233333338E-7	4.874751899999991E-7	0.003958665938082823	0.004714734061917178
22.0	0.0040149	0.004078	0.003109	0.005155	3.6834969000000003E-7	3.4811617000000016E-7	3.8858320999999995E-7	0.003638728208247349	0.004391071791752651
23.0	0.0036261999999999996	0.003672	0.002772	0.004585	2.9603755999999983E-7	2.886757999999996E-7	3.033993200000002E-7	0.0032889674555301633	0.003963432544469836
24.0	0.0033278	0.003396	0.002546	0.004292	2.5656355999999985E-7	2.4920824E-7	2.6391887999999985E-7	0.0030138550092618137	0.0036417449907381865
25.0	0.0030372999999999997	0.003092	0.002308	0.003946	2.4047701E-7	2.939022899999998E-7	2.0486015666666682E-7	0.002733356504985548	0.0033412434950144516
26.0	0.0027568000000000002	0.002734	0.002099	0.003578	1.9755155999999993E-7	1.544439066666667E-7	2.6221303999999977E-7	0.002481316048943682	0.0030322839510563185
27.0	0.0025657	0.002528	0.001916	0.003369	1.8822081E-7	1.457849566666668E-7	2.5187458999999975E-7	0.0022968005645792465	0.002834599435420754
28.0	0.0023258	0.002353	0.001682	0.00308	1.7281135999999998E-7	1.685925999999999E-7	1.7703012000000003E-7	0.0020681428400808545	0.002583457159919145
29.0	0.0021490000000000003	0.002211	0.001567	0.002883	1.538244E-7	1.479436000000002E-7	1.597051999999998E-7	0.0019059091085540229	0.0023920908914459777
30.0	0.0019648	0.001935	0.001419	0.002754	1.4773876000000003E-7	1.074555066666667E-7	2.0816363999999997E-7	0.0017265662449576047	0.0022030337550423954
31.0	0.0018447	0.001846	0.001284	0.002469	1.3009200999999995E-7	1.3119064999999992E-7	1.2899336999999996E-7	0.001621146546522761	0.0020682534534772388
32.0	0.0016947	0.001677	0.001216	0.002291	1.0604261000000001E-7	8.476635666666665E-8	1.3795699000000004E-7	0.0014928650945510167	0.0018965349054489832
33.0	0.0015861	0.0016	0.001144	0.002114	8.294949E-8	8.083657E-8	8.506240999999999E-8	0.0014075898432066118	0.0017646101567933882
34.0	0.0014661999999999998	0.001484	0.001074	0.00209	8.533835999999996E-8	7.027915999999988E-8	1.0039756000000007E-7	0.0012851376229649019	0.0016472623770350976
35.0	0.0013567000000000002	0.001333	9.71E-4	0.001944	7.871981000000002E-8	5.37686233333334E-8	1.1614658999999989E-7	0.0011828005974432346	0.0015305994025567658
36.0	0.0012767999999999998	0.001302	8.57E-4	0.001815	7.938116E-8	7.423431999999992E-8	8.452800000000007E-8	0.0011021716333879284	0.0014514283666120713
37.0	0.0011893999999999997	0.001173	8.37E-4	0.001671	6.097324000000001E-8	4.4985559999999916E-8	8.495476000000013E-8	0.0010363526874512326	0.001342447312548767
38.0	0.0010963000000000001	0.001096	7.97E-4	0.001494	4.709881000000002E-8	3.605155666666671E-8	6.366968999999996E-8	9.617879973771858E-4	0.0012308120026228145
39.0	0.0010239	0.001013	7.11E-4	0.001484	4.876049E-8	3.430327666666664E-8	7.044631000000006E-8	8.870357247547775E-4	0.0011607642752452223
40.0	9.825E-4	9.43E-4	6.98E-4	0.001409	4.293285E-8	2.9185583333333352E-8	6.355375E-8	8.540745988676696E-4	0.0011109254011323305
41.0	9.215000000000001E-4	9.03E-4	6.27E-4	0.001335	4.279505000000001E-8	3.143458333333337E-8	5.983574999999995E-8	7.932808656713049E-4	0.0010497191343286955
42.0	8.512000000000002E-4	8.38E-4	5.68E-4	0.001252	3.971556000000001E-8	2.8295140000000048E-8	5.6846189999999946E-8	7.276802463992097E-4	9.747197536007907E-4
43.0	8.024999999999999E-4	8.33E-4	5.26E-4	0.001117	2.8549649999999992E-8	2.8455049999999985E-8	2.864425000000001E-8	6.977735298790224E-4	9.072264701209774E-4
44.0	7.490000000000002E-4	7.42E-4	5.2E-4	0.001087	2.6122600000000007E-8	1.8496166666666717E-8	3.756224999999995E-8	6.488238650376251E-4	8.491761349623754E-4
45.0	7.063999999999999E-4	6.84E-4	4.87E-4	0.00105	2.4210439999999994E-8	1.6173993333333317E-8	3.626511E-8	6.099599531812639E-4	8.028400468187359E-4
46.0	6.647999999999999E-4	6.74E-4	4.49E-4	9.19E-4	2.109716E-8	2.0477599999999975E-8	2.1716720000000032E-8	5.747739760646955E-4	7.548260239353043E-4
47.0	6.265000000000001E-4	6.26E-4	4.19E-4	9.05E-4	2.199465E-8	1.6019583333333355E-8	3.0957249999999964E-8	5.345790299006805E-4	7.184209700993197E-4
48.0	5.871E-4	5.84E-4	3.89E-4	8.59E-4	2.2179089999999992E-8	1.4802476666666668E-8	3.3244009999999986E-8	4.94794424792432E-4	6.79405575207568E-4
49.0	5.744999999999999E-4	5.73E-4	3.7E-4	8.79E-4	2.054285E-8	1.405658333333332E-8	3.0272250000000015E-8	4.856645270401513E-4	6.633354729598485E-4
50.0	5.394999999999999E-4	5.36E-4	3.56E-4	8.01E-4	1.6491649999999997E-8	1.2499583333333326E-8	2.247975000000001E-8	4.5990457133729347E-4	6.190954286627064E-4
51.0	5.066999999999999E-4	5.13E-4	3.17E-4	7.33E-4	1.8465009999999994E-8	1.706456999999997E-8	1.986545000000003E-8	4.224769732104099E-4	5.909230267895899E-4
52.0	4.778E-4	4.67E-4	2.95E-4	7.2E-4	1.405336E-8	1.022377333333333E-8	1.979774E-8	4.0432388974911645E-4	5.512761102508836E-4
53.0	4.64E-4	4.58E-4	3.11E-4	6.6E-4	1.1446E-8	8.598999999999998E-9	1.57165E-8	3.976894023552796E-4	5.303105976447204E-4
54.0	4.437E-4	4.27E-4	3.06E-4	6.58E-4	1.0369809999999995E-8	7.1442899999999975E-9	1.5208089999999992E-8	3.80583708841536E-4	5.06816291158464E-4
55.0	4.1279999999999995E-4	4.19E-4	2.84E-4	6.21E-4	9.51416E-9	7.875239999999992E-9	1.1153080000000006E-8	3.523437372508025E-4	4.732562627491974E-4
56.0	3.842E-4	3.79E-4	2.44E-4	5.93E-4	9.78416E-9	6.650873333333336E-9	1.4484089999999998E-8	3.2289190179429805E-4	4.45508098205702E-4
57.0	3.7850000000000004E-4	3.77E-4	2.64E-4	5.54E-4	8.102649999999999E-9	5.795916666666672E-9	1.1562749999999994E-8	3.2270829789296626E-4	4.342917021070338E-4
58.0	3.5370000000000003E-4	3.52E-4	1.98E-4	5.77E-4	1.1157610000000001E-8	7.916690000000006E-9	1.601899E-8	2.882301026608412E-4	4.1916989733915887E-4
59.0	3.397E-4	3.33E-4	2.29E-4	5.13E-4	6.14741E-9	4.0888900000000016E-9	9.235189999999999E-9	2.9110381675892646E-4	3.8829618324107357E-4
60.0	3.158E-4	3.1E-4	1.79E-4	4.98E-4	7.64116E-9	5.536606666666664E-9	1.0797989999999999E-8	2.616204095105915E-4	3.6997959048940844E-4
61.0	3.0649999999999997E-4	3.13E-4	2.02E-4	4.6E-4	6.1544499999999996E-9	5.274649999999996E-9	7.034250000000004E-9	2.578759986015136E-4	3.551240013984863E-4
62.0	3.0270000000000004E-4	3.1E-4	1.94E-4	4.64E-4	6.72861E-9	6.074330000000006E-9	7.3828899999999946E-9	2.51858453823669E-4	3.5354154617633107E-4
63.0	2.734E-4	2.61E-4	1.74E-4	3.98E-4	4.4212400000000016E-9	3.255959999999997E-9	6.169160000000004E-9	2.3218758004678683E-4	3.1461241995321313E-4
64.0	2.715E-4	2.79E-4	1.7E-4	4.0E-4	4.5472499999999996E-9	4.298249999999998E-9	4.796250000000004E-9	2.2970440740939301E-4	3.1329559259060696E-4
65.0	2.5189999999999994E-4	2.39E-4	1.51E-4	3.98E-4	4.736490000000002E-9	3.255676666666662E-9	6.9577100000000095E-9	2.092435819787924E-4	2.945564180212075E-4
66.0	2.511E-4	2.5E-4	1.82E-4	4.01E-4	4.209889999999999E-9	2.237143333333331E-9	7.169010000000001E-9	2.108846877122656E-4	2.9131531228773435E-4
67.0	2.3970000000000003E-4	2.32E-4	1.64E-4	3.96E-4	4.436409999999999E-9	2.4936233333333357E-9	7.350589999999994E-9	1.984169373035382E-4	2.8098306269646185E-4
68.0	2.273E-4	2.19E-4	1.49E-4	3.26E-4	2.8316100000000003E-9	1.9634900000000002E-9	4.13379E-9	1.9431831875722525E-4	2.6028168124277477E-4
69.0	2.0999999999999998E-4	2.15E-4	1.44E-4	3.23E-4	2.6375999999999992E-9	2.0437999999999983E-9	3.2314000000000006E-9	1.781682483045623E-4	2.4183175169543766E-4
70.0	2.033E-4	2.02E-4	1.25E-4	3.34E-4	3.2520099999999994E-9	1.9328900000000008E-9	5.230689999999999E-9	1.6795467270486807E-4	2.3864532729513194E-4
71.0	2.023E-4	2.16E-4	1.2E-4	3.01E-4	2.9028099999999994E-9	2.817770000000001E-9	2.9878499999999985E-9	1.6890623576773652E-4	2.356937642322635E-4
72.0	1.863E-4	1.9E-4	1.22E-4	2.92E-4	2.38221E-9	1.9797700000000005E-9	2.78465E-9	1.5604855716498797E-4	2.1655144283501204E-4
73.0	1.8779999999999996E-4	1.84E-4	1.3E-4	3.0E-4	2.3783599999999996E-9	1.4055733333333307E-9	3.837540000000002E-9	1.575730124292876E-4	2.1802698757071232E-4
74.0	1.795E-4	1.83E-4	1.15E-4	2.5E-4	1.9050499999999997E-9	1.8950499999999996E-9	1.9150500000000003E-9	1.524473844517762E-4	2.0655261554822379E-4
75.0	1.695E-4	1.53E-4	1.0E-4	2.92E-4	3.2194500000000005E-9	2.0112499999999996E-9	5.03175E-9	1.3433206130578592E-4	2.0466793869421409E-4
76.0	1.6230000000000001E-4	1.58E-4	1.01E-4	2.43E-4	2.02761E-9	1.5083566666666677E-9	2.8064899999999982E-9	1.3439074243911173E-4	1.902092575608883E-4
77.0	1.6E-4	1.63E-4	1.07E-4	2.55E-4	1.9100000000000006E-9	1.554400000000001E-9	2.2656E-9	1.329122610762729E-4	1.8708773892372712E-4
78.0	1.49E-4	1.46E-4	8.2E-5	2.49E-4	1.9287999999999998E-9	1.278666666666666E-9	2.9040000000000003E-9	1.2177927613012468E-4	1.762207238698753E-4
79.0	1.507E-4	1.69E-4	9.5E-5	2.29E-4	1.5400100000000001E-9	1.3743300000000002E-9	1.70569E-9	1.2637696068333565E-4	1.7502303931666435E-4
80.0	1.404E-4	1.42E-4	8.7E-5	2.34E-4	1.61144E-9	1.23052E-9	1.9923600000000003E-9	1.1551926869241984E-4	1.6528073130758016E-4
81.0	1.406E-4	1.5E-4	9.3E-5	2.22E-4	1.4064400000000002E-9	1.1530000000000005E-9	1.6598799999999999E-9	1.1735568907452837E-4	1.6384431092547163E-4
82.0	1.275E-4	1.28E-4	8.4E-5	2.03E-4	1.19945E-9	9.982500000000006E-10	1.4006499999999997E-9	1.0603419668402788E-4	1.4896580331597213E-4
83.0	1.336E-4	1.28E-4	8.9E-5	2.06E-4	1.1736399999999997E-9	7.834266666666665E-10	1.75896E-9	1.1236640533494152E-4	1.5483359466505846E-4
84.0	1.236E-4	1.27E-4	8.7E-5	1.9E-4	8.084400000000004E-10	6.150399999999998E-10	1.0018400000000005E-9	1.0597699485331743E-4	1.4122300514668256E-4
85.0	1.1889999999999999E-4	1.17E-4	7.8E-5	1.88E-4	9.314899999999996E-10	5.882099999999996E-10	1.4464100000000002E-9	9.998330899972196E-5	1.3781669100027802E-4
86.0	1.165E-4	1.17E-4	6.8E-5	1.75E-4	8.6925E-10	7.9425E-10	9.4425E-10	9.822621878209111E-5	1.347737812179089E-4
87.0	1.13E-4	1.06E-4	6.9E-5	1.93E-4	1.1935999999999997E-9	6.581666666666664E-10	1.9967499999999997E-9	9.158660755508366E-5	1.3441339244491633E-4
88.0	1.0730000000000002E-4	1.08E-4	6.5E-5	1.64E-4	6.5761E-10	5.500100000000008E-10	7.652099999999992E-10	9.140574136362443E-5	1.231942586363756E-4
89.0	1.0300000000000001E-4	9.6E-5	6.7E-5	1.41E-4	4.3920000000000015E-10	3.1900000000000024E-10	6.194999999999998E-10	9.001065544378779E-5	1.1598934455621223E-4
90.0	9.949999999999998E-5	1.01E-4	5.9E-5	1.59E-4	7.422499999999998E-10	5.834499999999992E-10	9.010500000000005E-10	8.261382932693145E-5	1.1638617067306851E-4
91.0	9.970000000000001E-5	8.9E-5	6.0E-5	1.61E-4	9.436100000000002E-10	6.073566666666671E-10	1.4479899999999997E-9	8.06606403048842E-5	1.1873935969511582E-4
92.0	9.19E-5	9.8E-5	5.3E-5	1.4E-4	6.668899999999998E-10	6.047299999999999E-10	7.290499999999999E-10	7.589398668000055E-5	1.0790601331999945E-4
93.0	9.32E-5	9.7E-5	6.3E-5	1.31E-4	5.187600000000001E-10	4.655200000000001E-10	5.720000000000001E-10	7.90831008503992E-5	1.073168991496008E-4
94.0	8.8E-5	8.7E-5	6.6E-5	1.29E-4	3.0619999999999994E-10	1.7716666666666655E-10	4.9975E-10	7.715427309951058E-5	9.884572690048942E-5
95.0	9.070000000000001E-5	9.1E-5	6.1E-5	1.53E-4	5.834100000000001E-10	3.5577000000000036E-10	8.110499999999998E-10	7.572926903588205E-5	1.0567073096411797E-4
96.0	8.469999999999999E-5	8.1E-5	5.8E-5	1.22E-4	4.3581000000000007E-10	3.004899999999996E-10	6.387900000000006E-10	7.176088219390517E-5	9.76391178060948E-5
97.0	7.869999999999999E-5	7.8E-5	5.5E-5	1.12E-4	3.3460999999999994E-10	2.49023333333333E-10	4.629900000000004E-10	6.73622851685183E-5	9.003771483148168E-5
98.0	7.99E-5	9.3E-5	5.0E-5	1.22E-4	5.1629E-10	4.854500000000002E-10	5.471299999999997E-10	6.581674872765526E-5	9.398325127234475E-5
99.0	8.279999999999998E-5	8.3E-5	5.2E-5	1.39E-4	4.8756E-10	3.1879999999999946E-10	6.563200000000003E-10	6.91142026319253E-5	9.648579736807467E-5
100.0	7.319999999999999E-5	7.5E-5	5.3E-5	1.16E-4	3.9776E-10	2.9955999999999964E-10	4.959600000000002E-10	6.0838629461099376E-5	8.55613705389006E-5
101.0	7.63E-5	7.5E-5	4.6E-5	1.27E-4	5.5121E-10	3.6475666666666654E-10	8.3089E-10	6.174827042582223E-5	9.085172957417777E-5
102.0	6.870000000000002E-5	6.4E-5	4.7E-5	9.7E-5	2.5981000000000006E-10	1.7942333333333377E-10	3.803899999999994E-10	5.870957410317259E-5	7.869042589682744E-5
103.0	6.9E-5	6.9E-5	5.0E-5	1.08E-4	2.6939999999999997E-10	1.7999999999999992E-10	4.4850000000000005E-10	5.882686361046899E-5	7.9173136389531E-5
104.0	6.91E-5	6.4E-5	4.7E-5	1.09E-4	3.1429000000000006E-10	1.8787666666666666E-10	5.039100000000002E-10	5.811193163472305E-5	8.008806836527695E-5
105.0	6.519999999999999E-5	6.7E-5	4.1E-5	9.5E-5	2.9796E-10	2.740399999999996E-10	3.2188000000000044E-10	5.450120036639622E-5	7.589879963360374E-5
106.0	6.439999999999998E-5	6.6E-5	4.2E-5	1.08E-4	3.252399999999999E-10	2.335199999999995E-10	4.1696000000000044E-10	5.3222155914488676E-5	7.557784408551128E-5
107.0	6.31E-5	6.3E-5	4.2E-5	9.1E-5	2.2249000000000005E-10	1.6594333333333342E-10	3.0731E-10	5.3854906252503444E-5	7.234509374749657E-5
108.0	6.180000000000001E-5	5.7E-5	4.0E-5	1.09E-4	4.463600000000001E-10	2.0272571428571452E-10	1.0148399999999996E-9	4.870520494242084E-5	7.489479505757919E-5
109.0	6.14E-5	5.7E-5	4.7E-5	1.04E-4	2.576399999999999E-10	1.0726000000000005E-10	4.832099999999998E-10	5.14513828900696E-5	7.13486171099304E-5
110.0	5.64E-5	6.0E-5	3.8E-5	1.05E-4	3.7444000000000005E-10	2.3084E-10	5.180400000000001E-10	4.440646547509868E-5	6.839353452490132E-5
111.0	5.3700000000000004E-5	5.4E-5	3.2E-5	7.9E-5	1.4100999999999996E-10	1.3073000000000007E-10	1.512899999999999E-10	4.633994554367973E-5	6.106005445632029E-5
112.0	5.340000000000001E-5	6.0E-5	3.2E-5	7.9E-5	1.9904000000000002E-10	2.0260000000000026E-10	1.954799999999997E-10	4.465567576081491E-5	6.214432423918511E-5
113.0	5.3899999999999996E-5	5.3E-5	3.4E-5	8.0E-5	1.9229000000000004E-10	1.356099999999999E-10	2.773100000000002E-10	4.530522679764032E-5	6.249477320235967E-5
114.0	5.1699999999999996E-5	5.1E-5	3.1E-5	8.0E-5	1.9381000000000005E-10	1.4122333333333325E-10	2.7269000000000017E-10	4.3071323994957275E-5	6.032867600504272E-5
115.0	5.34E-5	5.7E-5	3.1E-5	9.4E-5	3.114399999999999E-10	2.3143999999999993E-10	3.9143999999999994E-10	4.246186531441489E-5	6.43381346855851E-5
116.0	5.160000000000001E-5	4.8E-5	3.6E-5	8.2E-5	2.0364E-10	1.2156000000000012E-10	3.267599999999998E-10	4.275520817655951E-5	6.044479182344051E-5
117.0	4.8899999999999996E-5	4.5E-5	2.4E-5	7.4E-5	2.760899999999999E-10	2.1434333333333322E-10	3.6871E-10	3.860132365786748E-5	5.919867634213251E-5
118.0	4.87E-5	4.8E-5	3.5E-5	7.3E-5	1.3321000000000002E-10	8.202333333333332E-11	2.0999000000000007E-10	4.1546402751062926E-5	5.585359724893707E-5
119.0	4.57E-5	4.6E-5	2.7E-5	7.1E-5	2.4261E-10	2.0768999999999998E-10	2.7753E-10	3.60459305160984E-5	5.5354069483901596E-5
120.0	4.64E-5	4.6E-5	2.6E-5	8.5E-5	2.544400000000001E-10	1.395933333333334E-10	4.2671000000000007E-10	3.6513358993065446E-5	5.628664100693456E-5
121.0	4.2499999999999996E-5	4.3E-5	2.6E-5	7.5E-5	1.6644999999999995E-10	1.0664999999999994E-10	2.2624999999999997E-10	3.450353628158046E-5	5.049646371841953E-5
122.0	4.4999999999999996E-5	4.4E-5	2.6E-5	6.9E-5	1.4660000000000002E-10	1.0333333333333329E-10	2.115000000000001E-10	3.749547763012195E-5	5.250452236987804E-5
123.0	4.4999999999999996E-5	4.7E-5	3.1E-5	6.2E-5	7.660000000000001E-11	1.0049999999999994E-10	6.066666666666672E-11	3.957536581878556E-5	5.042463418121443E-5
124.0	3.84E-5	3.4E-5	3.0E-5	5.5E-5	9.264000000000002E-11	4.330285714285712E-11	2.077600000000001E-10	3.24343833177114E-5	4.4365616682288595E-5
125.0	4.1E-5	4.1E-5	2.7E-5	6.6E-5	1.0980000000000004E-10	7.98E-11	2.330000000000001E-10	3.450532772189389E-5	4.749467227810611E-5
126.0	4.35E-5	4.6E-5	3.0E-5	6.5E-5	1.0884999999999997E-10	9.385E-11	1.2384999999999994E-10	3.703348501896114E-5	4.996651498103886E-5
127.0	4.2000000000000004E-5	4.2E-5	2.6E-5	7.9E-5	2.413999999999999E-10	1.4266666666666677E-10	3.894999999999998E-10	3.2370035098714025E-5	5.1629964901285984E-5
128.0	3.8100000000000005E-5	3.6E-5	2.1E-5	6.4E-5	1.2429E-10	7.57433333333334E-11	1.9710999999999982E-10	3.1190061765833216E-5	4.500993823416679E-5
129.0	3.4899999999999995E-5	3.2E-5	2.1E-5	6.0E-5	1.1429000000000003E-10	6.387666666666661E-11	1.8991000000000012E-10	2.8273866406417685E-5	4.1526133593582304E-5
130.0	3.47E-5	3.3E-5	2.2E-5	6.1E-5	9.941E-11	3.7290000000000034E-11	2.4435666666666663E-10	2.852024712468209E-5	4.0879752875317915E-5
131.0	3.46E-5	3.0E-5	2.5E-5	6.4E-5	1.3403999999999998E-10	4.953142857142859E-11	3.312266666666666E-10	2.7424151172160887E-5	4.177584882783911E-5
132.0	3.470000000000001E-5	3.6E-5	2.3E-5	4.7E-5	6.180999999999999E-11	5.985000000000013E-11	6.376999999999985E-11	2.982712306742722E-5	3.95728769325728E-5
133.0	3.37E-5	3.9E-5	1.6E-5	4.9E-5	9.380999999999997E-11	1.0161E-10	8.601000000000001E-11	2.769683003738858E-5	3.970316996261142E-5
134.0	3.2500000000000004E-5	3.2E-5	1.9E-5	4.9E-5	8.024999999999998E-11	5.891666666666671E-11	1.122499999999999E-10	2.694762753410761E-5	3.80523724658924E-5
135.0	3.12E-5	3.4E-5	1.7E-5	4.9E-5	8.655999999999998E-11	7.935999999999998E-11	9.376E-11	2.5433468148011322E-5	3.696653185198868E-5
136.0	3.13E-5	3.1E-5	1.7E-5	5.4E-5	9.980999999999999E-11	6.062333333333336E-11	1.5858999999999991E-10	2.510782674660988E-5	3.749217325339012E-5
137.0	3.3799999999999995E-5	3.5E-5	2.0E-5	4.7E-5	6.555999999999998E-11	8.59899999999999E-11	5.194000000000003E-11	2.878148133409867E-5	3.881851866590132E-5
138.0	3.29E-5	3.5E-5	2.2E-5	5.1E-5	6.788999999999998E-11	5.585E-11	7.992999999999998E-11	2.7793080928779076E-5	3.8006919071220925E-5
139.0	2.9800000000000003E-5	2.9E-5	1.4E-5	4.0E-5	7.796000000000001E-11	6.994000000000004E-11	8.998999999999999E-11	2.4327421667988665E-5	3.527257833201134E-5
140.0	3.1599999999999996E-5	3.1E-5	2.0E-5	4.6E-5	5.3239999999999995E-11	2.9645714285714255E-11	1.082933333333334E-10	2.70775362466903E-5	3.612246375330969E-5
141.0	2.81E-5	2.9E-5	1.5E-5	5.0E-5	9.149000000000001E-11	6.944999999999996E-11	1.1353000000000005E-10	2.2171526469655108E-5	3.4028473530344886E-5
142.0	3.229999999999999E-5	3.5E-5	1.7E-5	4.3E-5	6.641E-11	8.03299999999999E-11	5.249000000000013E-11	2.7249052999684112E-5	3.735094700031587E-5
143.0	3.1E-5	2.8E-5	2.0E-5	5.6E-5	9.72E-11	4.583333333333335E-11	2.3233333333333328E-10	2.4889324750897003E-5	3.7110675249103E-5
144.0	2.8500000000000005E-5	2.4E-5	1.3E-5	5.7E-5	1.7165000000000002E-10	8.691666666666675E-11	2.9875E-10	2.0379589665540296E-5	3.6620410334459714E-5
145.0	2.5E-5	2.7E-5	1.0E-5	4.3E-5	7.4E-11	8.775000000000001E-11	7.78E-11	1.9668223560575707E-5	3.0331776439424295E-5
146.0	2.93E-5	2.9E-5	1.4E-5	5.7E-5	1.1741E-10	5.1290000000000005E-11	2.7169000000000007E-10	2.258403204295911E-5	3.6015967957040896E-5
147.0	2.4499999999999992E-5	2.4E-5	1.6E-5	3.4E-5	4.284999999999999E-11	3.4583333333333266E-11	5.5250000000000106E-11	2.0442752657281042E-5	2.8557247342718943E-5
148.0	2.5900000000000006E-5	2.7E-5	1.5E-5	4.0E-5	7.169000000000001E-11	6.553000000000008E-11	7.784999999999992E-11	2.0652102287582204E-5	3.114789771241781E-5
149.0	2.6700000000000005E-5	2.6E-5	1.6E-5	5.1E-5	8.960999999999999E-11	3.700428571428577E-11	2.123566666666665E-10	2.083275383165152E-5	3.256724616834849E-5
150.0	2.79E-5	2.8E-5	1.5E-5	4.9E-5	7.968999999999999E-11	6.009E-11	9.928999999999997E-11	2.236703421301017E-5	3.343296578698983E-5
151.0	2.09E-5	2.6E-5	6.0E-6	3.1E-5	7.989E-11	1.1921E-10	5.367666666666667E-11	1.536009545208584E-5	2.643990454791416E-5
152.0	2.5500000000000003E-5	2.6E-5	2.0E-5	4.2E-5	3.8649999999999984E-11	2.105000000000002E-11	5.624999999999995E-11	2.1646717762737855E-5	2.935328223726215E-5
153.0	2.4900000000000002E-5	2.5E-5	1.1E-5	4.4E-5	9.809E-11	1.1031000000000006E-10	8.99433333333333E-11	1.8761412670654595E-5	3.103858732934541E-5
154.0	2.2499999999999998E-5	2.3E-5	1.1E-5	3.5E-5	5.984999999999999E-11	5.544999999999997E-11	6.425000000000001E-11	1.7705005109491773E-5	2.7294994890508223E-5
155.0	2.37E-5	2.5E-5	1.6E-5	3.3E-5	3.241E-11	3.859E-11	2.8290000000000003E-11	2.0171455597558676E-5	2.7228544402441324E-5
156.0	2.41E-5	2.5E-5	1.5E-5	4.0E-5	5.249000000000001E-11	3.9369999999999996E-11	6.561000000000002E-11	1.9609503546377082E-5	2.8590496453622917E-5
157.0	2.2E-5	2.1E-5	1.3E-5	4.0E-5	5.780000000000001E-11	3.016666666666666E-11	1.323333333333334E-10	1.728784041017285E-5	2.671215958982715E-5
158.0	2.15E-5	2.1E-5	1.5E-5	3.5E-5	4.524999999999999E-11	1.9678571428571435E-11	1.0491666666666664E-10	1.7330678712308203E-5	2.56693212876918E-5
159.0	1.94E-5	2.1E-5	1.2E-5	2.9E-5	2.4040000000000002E-11	3.0760000000000005E-11	1.9559999999999995E-11	1.636105176088832E-5	2.2438948239111683E-5
160.0	2.02E-5	1.9E-5	1.0E-5	3.8E-5	5.836000000000002E-11	3.514E-11	9.319000000000002E-11	1.5465068363745893E-5	2.4934931636254106E-5
161.0	2.2E-5	2.3E-5	1.0E-5	3.2E-5	3.9399999999999994E-11	5.474999999999999E-11	3.5E-11	1.8109511084709275E-5	2.5890488915290724E-5
162.0	2.1E-5	2.2E-5	1.3E-5	3.2E-5	3.9E-11	4.824999999999999E-11	3.283333333333334E-11	1.7129310139006224E-5	2.4870689860993774E-5
163.0	2.27E-5	2.4E-5	1.3E-5	3.1E-5	2.3610000000000003E-11	3.4189999999999994E-11	1.655666666666667E-11	1.9688353008734256E-5	2.5711646991265743E-5
164.0	2.1E-5	2.2E-5	1.2E-5	3.5E-5	3.859999999999999E-11	3.0999999999999983E-11	4.62E-11	1.7149210989939853E-5	2.4850789010060145E-5
165.0	1.9900000000000003E-5	2.1E-5	1.2E-5	2.8E-5	2.969E-11	2.881000000000002E-11	3.056999999999997E-11	1.6522765865386296E-5	2.327723413461371E-5
166.0	2.0E-5	1.8E-5	8.0E-6	3.5E-5	4.799999999999999E-11	3.1000000000000016E-11	7.349999999999995E-11	1.57058551491595E-5	2.4294144850840505E-5
167.0	1.98E-5	2.1E-5	8.0E-6	3.6E-5	4.916E-11	5.279E-11	4.6740000000000005E-11	1.5454277321319274E-5	2.4145722678680726E-5
168.0	1.9E-5	1.7E-5	1.0E-5	3.5E-5	6.199999999999999E-11	2.1000000000000008E-11	2.2599999999999997E-10	1.411963935758842E-5	2.3880360642411583E-5
169.0	1.96E-5	1.8E-5	1.2E-5	3.1E-5	3.964E-11	2.5493333333333323E-11	6.086000000000001E-11	1.5697679869616024E-5	2.3502320130383973E-5
170.0	1.68E-5	2.0E-5	8.0E-6	2.9E-5	5.276E-11	4.9439999999999986E-11	5.608000000000003E-11	1.2297969169363674E-5	2.1302030830636323E-5
171.0	1.6699999999999996E-5	1.7E-5	1.1E-5	2.6E-5	1.7609999999999998E-11	1.3609999999999975E-11	2.1610000000000023E-11	1.4099027566466723E-5	1.930097243353327E-5
172.0	1.98E-5	2.0E-5	1.1E-5	3.1E-5	2.4960000000000004E-11	2.072E-11	2.9200000000000006E-11	1.6703448111204982E-5	2.289655188879502E-5
173.0	1.9099999999999997E-5	2.0E-5	7.0E-6	2.9E-5	3.1289999999999996E-11	4.430999999999996E-11	2.2610000000000026E-11	1.563295999446213E-5	2.2567040005537863E-5
174.0	1.68E-5	1.7E-5	1.1E-5	2.4E-5	1.3960000000000001E-11	1.628999999999999E-11	1.2406666666666674E-11	1.4484212099522064E-5	1.9115787900477933E-5
175.0	1.61E-5	1.7E-5	9.0E-6	2.2E-5	1.689E-11	1.8889999999999983E-11	1.489000000000002E-11	1.3552753957702554E-5	1.8647246042297443E-5
176.0	1.93E-5	1.6E-5	1.3E-5	3.3E-5	3.941E-11	2.2356666666666682E-11	6.498999999999999E-11	1.540901739916509E-5	2.3190982600834913E-5
177.0	1.4599999999999997E-5	1.5E-5	1.1E-5	1.9E-5	9.240000000000002E-12	8.399999999999987E-12	1.0080000000000017E-11	1.2715951592978565E-5	1.648404840702143E-5
178.0	1.67E-5	1.8E-5	7.0E-6	2.7E-5	2.9010000000000002E-11	3.688999999999999E-11	2.375666666666667E-11	1.3361664846064734E-5	2.0038335153935265E-5
179.0	1.6800000000000002E-5	1.8E-5	8.0E-6	2.2E-5	1.9759999999999998E-11	4.6306666666666694E-11	8.382857142857133E-12	1.4044822764321688E-5	1.9555177235678318E-5
180.0	1.62E-5	1.4E-5	7.0E-6	3.1E-5	5.576E-11	3.427333333333334E-11	8.799E-11	1.1571743135909591E-5	2.082825686409041E-5
181.0	1.7899999999999998E-5	1.8E-5	1.1E-5	3.1E-5	2.5290000000000007E-11	1.5129999999999987E-11	3.5450000000000024E-11	1.4783045332379693E-5	2.1016954667620303E-5
182.0	1.75E-5	1.9E-5	1.4E-5	2.1E-5	5.850000000000002E-12	5.849999999999993E-12	5.850000000000009E-12	1.600088826300372E-5	1.899911173699628E-5
183.0	1.55E-5	1.5E-5	1.1E-5	2.3E-5	1.665E-11	1.0916666666666673E-11	2.524999999999999E-11	1.2970916371489469E-5	1.8029083628510532E-5
184.0	1.4900000000000001E-5	1.6E-5	8.0E-6	2.5E-5	2.6090000000000004E-11	3.0710000000000016E-11	2.3009999999999993E-11	1.173412975629133E-5	1.8065870243708673E-5
185.0	1.66E-5	1.6E-5	9.0E-6	2.8E-5	2.7840000000000004E-11	1.7926666666666668E-11	4.2709999999999994E-11	1.3329676713228492E-5	1.987032328677151E-5
186.0	1.36E-5	1.4E-5	4.0E-6	2.7E-5	3.803999999999999E-11	3.28E-11	4.327999999999999E-11	9.777246228175298E-6	1.7422753771824702E-5
187.0	1.36E-5	1.3E-5	7.0E-6	2.0E-5	2.2240000000000012E-11	1.626E-11	3.1210000000000014E-11	1.0677036024854223E-5	1.652296397514578E-5
188.0	1.54E-5	1.7E-5	6.0E-6	2.3E-5	2.3840000000000002E-11	2.5400000000000017E-11	2.2279999999999987E-11	1.2373719378510976E-5	1.8426280621489028E-5
189.0	1.53E-5	1.7E-5	6.0E-6	2.3E-5	2.0410000000000004E-11	2.2729999999999992E-11	1.8090000000000006E-11	1.2499874002834871E-5	1.8100125997165127E-5
190.0	1.21E-5	1.3E-5	6.0E-6	1.9E-5	1.5490000000000003E-11	1.4889999999999993E-11	1.609000000000001E-11	9.660606960737978E-6	1.4539393039262021E-5
191.0	1.36E-5	1.4E-5	9.0E-6	2.1E-5	1.2239999999999998E-11	1.0040000000000002E-11	1.4439999999999996E-11	1.1431563143644714E-5	1.576843685635529E-5
192.0	1.13E-5	1.2E-5	5.0E-6	1.5E-5	7.41E-12	9.369999999999999E-12	5.449999999999999E-12	9.612805405414064E-6	1.2987194594585936E-5
193.0	1.26E-5	1.2E-5	7.0E-6	1.9E-5	1.6440000000000003E-11	1.246E-11	2.241000000000001E-11	1.00869161573875E-5	1.5113083842612499E-5
194.0	1.3600000000000002E-5	1.2E-5	5.0E-6	2.8E-5	3.604E-11	2.036000000000001E-11	5.955999999999997E-11	9.87909602381357E-6	1.7320903976186434E-5
195.0	1.12E-5	1.1E-5	7.0E-6	1.7E-5	1.116E-11	7.173333333333331E-12	1.7140000000000005E-11	9.1294383370689E-6	1.32705616629311E-5
196.0	1.32E-5	1.2E-5	7.0E-6	2.2E-5	2.5160000000000003E-11	1.7173333333333336E-11	3.714E-11	1.009106680676474E-5	1.6308933193235262E-5
197.0	1.3E-5	1.3E-5	7.0E-6	2.2E-5	2.16E-11	1.8799999999999996E-11	3.0500000000000005E-11	1.0119400062486983E-5	1.5880599937513016E-5
198.0	1.4199999999999998E-5	1.4E-5	4.0E-6	2.3E-5	2.8760000000000003E-11	2.5039999999999982E-11	3.434000000000003E-11	1.0876080386050227E-5	1.752391961394977E-5
199.0	1.13E-5	1.2E-5	5.0E-6	2.0E-5	1.741E-11	1.529E-11	1.9530000000000003E-11	8.713839602808828E-6	1.3886160397191172E-5
200.0	1.4099999999999999E-5	1.6E-5	6.0E-6	2.3E-5	3.389E-11	3.200999999999999E-11	3.577000000000001E-11	1.0491789584849574E-5	1.7708210415150422E-5
201.0	1.16E-5	1.1E-5	5.0E-6	1.7E-5	1.264E-11	1.0726666666666671E-11	1.5509999999999993E-11	9.396416010223346E-6	1.3803583989776655E-5
202.0	1.1699999999999998E-5	1.1E-5	4.0E-6	2.1E-5	2.801E-11	2.0023333333333318E-11	3.9990000000000015E-11	8.419707086249764E-6	1.4980292913750232E-5
203.0	1.3300000000000001E-5	1.5E-5	6.0E-6	2.0E-5	2.0410000000000004E-11	2.1850000000000007E-11	1.8969999999999997E-11	1.0499874002834873E-5	1.610012599716513E-5
204.0	1.2100000000000001E-5	1.2E-5	6.0E-6	2.2E-5	2.0690000000000002E-11	1.0924285714285721E-11	4.347666666666665E-11	9.280732293662059E-6	1.4919267706337943E-5
205.0	1.0899999999999997E-5	1.1E-5	6.0E-6	2.0E-5	1.6690000000000003E-11	1.620999999999998E-11	1.7010000000000017E-11	8.36788025559611E-6	1.3432119744403884E-5
206.0	1.17E-5	1.3E-5	6.0E-6	1.7E-5	1.6009999999999998E-11	2.1489999999999998E-11	1.2356666666666666E-11	9.219999677419376E-6	1.4180000322580624E-5
207.0	9.5E-6	1.1E-5	3.0E-6	1.7E-5	1.705E-11	1.5850000000000002E-11	1.8249999999999995E-11	6.940717287988684E-6	1.2059282712011317E-5
208.0	1.04E-5	9.0E-6	5.0E-6	2.0E-5	2.3240000000000005E-11	1.5193333333333333E-11	3.5310000000000005E-11	7.41204444477499E-6	1.3387955555225011E-5
209.0	1.15E-5	1.1E-5	8.0E-6	2.1E-5	1.2249999999999996E-11	4.25E-12	3.091666666666666E-11	9.330677525124492E-6	1.3669322474875508E-5
210.0	1.1700000000000003E-5	1.2E-5	5.0E-6	1.8E-5	1.4010000000000002E-11	1.6690000000000022E-11	1.2223333333333318E-11	9.380068621704515E-6	1.4019931378295491E-5
211.0	1.0099999999999998E-5	9.0E-6	7.0E-6	1.8E-5	1.009E-11	4.7433333333333265E-12	1.8110000000000012E-11	8.131199756196682E-6	1.2068800243803315E-5
212.0	9.499999999999999E-6	9.0E-6	5.0E-6	2.2E-5	2.665E-11	1.2916666666666656E-11	4.7250000000000005E-11	6.300333767406355E-6	1.2699666232593641E-5
213.0	1.03E-5	1.1E-5	5.0E-6	2.0E-5	2.5810000000000003E-11	2.0809999999999994E-11	3.081000000000001E-11	7.151163770533628E-6	1.3448836229466371E-5
214.0	8.999999999999999E-6	9.0E-6	4.0E-6	1.5E-5	1.1400000000000002E-11	9.199999999999991E-12	1.3600000000000007E-11	6.9072926626018616E-6	1.1092707337398135E-5
215.0	9.6E-6	9.0E-6	2.0E-6	1.8E-5	1.9640000000000003E-11	1.4493333333333332E-11	2.7360000000000003E-11	6.853201427115559E-6	1.234679857288444E-5
216.0	9.299999999999999E-6	9.0E-6	4.0E-6	1.7E-5	1.4009999999999999E-11	9.223333333333328E-12	2.1190000000000006E-11	6.980068621704512E-6	1.1619931378295487E-5
217.0	1.0399999999999999E-5	1.1E-5	3.0E-6	1.8E-5	2.2040000000000002E-11	2.8709999999999984E-11	1.7593333333333342E-11	7.490208529808363E-6	1.3309791470191634E-5
218.0	8.2E-6	7.0E-6	5.0E-6	1.4E-5	1.0159999999999999E-11	6.073333333333329E-12	1.6290000000000003E-11	6.224382223202069E-6	1.017561777679793E-5
219.0	9.6E-6	9.0E-6	6.0E-6	1.6E-5	1.0639999999999998E-11	6.693333333333331E-12	1.656E-11	7.578252636949908E-6	1.1621747363050091E-5
220.0	9.1E-6	9.0E-6	2.0E-6	1.4E-5	9.69E-12	1.001E-11	9.210000000000003E-12	7.170619166675485E-6	1.1029380833324514E-5
221.0	9.3E-6	1.1E-5	3.0E-6	1.6E-5	1.6409999999999998E-11	1.6810000000000008E-11	1.6009999999999995E-11	6.7892101641117E-6	1.1810789835888301E-5
222.0	7.599999999999999E-6	8.0E-6	1.0E-6	1.3E-5	9.239999999999999E-12	1.3309999999999997E-11	6.5266666666666705E-12	5.715951592978566E-6	9.484048407021433E-6
223.0	7.7E-6	7.0E-6	4.0E-6	1.6E-5	1.1609999999999998E-11	6.423333333333336E-12	1.938999999999999E-11	5.588105684462408E-6	9.811894315537595E-6
224.0	6.999999999999999E-6	7.0E-6	3.0E-6	1.1E-5	9.000000000000001E-12	1.1249999999999993E-11	7.500000000000005E-12	5.140580735820992E-6	8.859419264179006E-6
225.0	9.2E-6	8.0E-6	3.0E-6	1.7E-5	1.7960000000000002E-11	1.1440000000000001E-11	2.7739999999999996E-11	6.573307478976651E-6	1.182669252102335E-5
226.0	9.9E-6	1.0E-5	3.0E-6	1.9E-5	1.6090000000000003E-11	2.3743333333333332E-11	1.2810000000000002E-11	7.413811270237113E-6	1.2386188729762886E-5
227.0	7.9E-6	9.0E-6	3.0E-6	1.3E-5	9.09E-12	1.1110000000000003E-11	7.74333333333333E-12	6.031306766748486E-6	9.768693233251516E-6
228.0	9.2E-6	1.0E-5	4.0E-6	1.5E-5	1.096E-11	1.02E-11	1.1720000000000003E-11	7.148075634922184E-6	1.1251924365077816E-5
229.0	8.8E-6	1.0E-5	4.0E-6	1.3E-5	8.359999999999999E-12	1.2490000000000004E-11	5.606666666666663E-12	7.007912502136127E-6	1.0592087497863873E-5
230.0	6.9E-6	8.0E-6	1.0E-6	1.0E-5	9.090000000000001E-12	1.9476666666666665E-11	4.63857142857143E-12	5.0313067667484855E-6	8.768693233251515E-6
231.0	6.6999999999999985E-6	5.0E-6	2.0E-6	1.7E-5	1.941E-11	1.0423333333333325E-11	3.2890000000000015E-11	3.969332389323079E-6	9.430667610676918E-6
232.0	6.5999999999999995E-6	5.0E-6	3.0E-6	1.2E-5	1.1640000000000001E-11	5.531428571428569E-12	2.5893333333333336E-11	4.485378899187847E-6	8.714621100812152E-6
233.0	6.7E-6	5.0E-6	3.0E-6	1.3E-5	1.1010000000000001E-11	7.223333333333334E-12	1.669E-11	4.643400476514692E-6	8.756599523485309E-6
234.0	6.4E-6	7.0E-6	2.0E-6	1.0E-5	5.640000000000002E-12	6.24E-12	5.040000000000001E-12	4.928041304927343E-6	7.871958695072657E-6
235.0	6.400000000000001E-6	7.0E-6	3.0E-6	1.1E-5	5.040000000000001E-12	4.680000000000006E-12	5.399999999999994E-12	5.008538035014972E-6	7.791461964985031E-6
236.0	7.2000000000000005E-6	7.0E-6	3.0E-6	1.7E-5	1.516E-11	6.354285714285716E-12	3.570666666666666E-11	4.786731345249768E-6	9.613268654750233E-6
237.0	7.300000000000001E-6	8.0E-6	2.0E-6	1.5E-5	1.1410000000000002E-11	1.2490000000000008E-11	1.0689999999999997E-11	5.206375009702073E-6	9.39362499029793E-6
238.0	7.2999999999999996E-6	8.0E-6	2.0E-6	1.3E-5	1.1210000000000001E-11	1.1049999999999997E-11	1.137E-11	5.224805165773584E-6	9.375194834226415E-6
239.0	7.9E-6	9.0E-6	3.0E-6	1.5E-5	1.269E-11	1.1370000000000002E-11	1.4009999999999999E-11	5.692061957391015E-6	1.0107938042608985E-5
240.0	8.000000000000001E-6	8.0E-6	3.0E-6	1.3E-5	8.2E-12	6.500000000000004E-12	1.0749999999999992E-11	6.225144512925068E-6	9.774855487074935E-6
241.0	6.099999999999999E-6	6.0E-6	1.0E-6	1.1E-5	8.09E-12	6.209999999999997E-12	1.0910000000000006E-11	4.3370892251733204E-6	7.862910774826678E-6
242.0	6.5E-6	7.0E-6	2.0E-6	1.0E-5	6.65E-12	9.249999999999997E-12	4.916666666666669E-12	4.901668369830591E-6	8.098331630169409E-6
243.0	6.4E-6	6.0E-6	2.0E-6	1.4E-5	1.2440000000000001E-11	7.093333333333334E-12	2.046E-11	4.213918940203726E-6	8.586081059796274E-6
244.0	6.7E-6	7.0E-6	0.0	9.0E-6	6.0100000000000004E-12	1.5290000000000003E-11	2.0328571428571426E-12	5.180525880444159E-6	8.219474119555841E-6
245.0	6.5E-6	6.0E-6	4.0E-6	1.3E-5	6.649999999999999E-12	3.249999999999998E-12	1.1749999999999998E-11	4.901668369830591E-6	8.098331630169407E-6
246.0	6.4E-6	6.0E-6	4.0E-6	1.3E-5	6.839999999999999E-12	2.5314285714285704E-12	1.6893333333333334E-11	4.77899586675419E-6	8.02100413324581E-6
247.0	6.199999999999999E-6	6.0E-6	1.0E-6	1.3E-5	1.496E-11	7.697142857142855E-12	3.190666666666667E-11	3.8027028552972403E-6	8.597297144702758E-6
248.0	7.3999999999999995E-6	9.0E-6	3.0E-6	1.3E-5	1.264E-11	1.1959999999999998E-11	1.3320000000000002E-11	5.196416010223345E-6	9.603583989776655E-6
249.0	7.100000000000001E-6	8.0E-6	4.0E-6	1.1E-5	5.89E-12	5.450000000000002E-12	6.3299999999999975E-12	5.595771825818969E-6	8.604228174181033E-6
250.0	7.2999999999999996E-6	7.0E-6	3.0E-6	1.6E-5	1.521E-11	9.82333333333333E-12	2.3290000000000004E-11	4.882754956567291E-6	9.717245043432708E-6
251.0	6.9E-6	7.0E-6	4.0E-6	1.2E-5	4.89E-12	3.4499999999999992E-12	6.330000000000001E-12	5.5294007150155084E-6	8.270599284984492E-6
252.0	6.5E-6	6.0E-6	3.0E-6	1.2E-5	6.649999999999999E-12	4.2499999999999974E-12	1.0250000000000003E-11	4.901668369830591E-6	8.098331630169407E-6
253.0	5.7000000000000005E-6	7.0E-6	1.0E-6	1.1E-5	9.81E-12	1.2590000000000004E-11	7.956666666666664E-12	3.7587092953398254E-6	7.641290704660175E-6
254.0	5.3E-6	5.0E-6	1.0E-6	1.2E-5	9.81E-12	6.689999999999999E-12	1.449E-11	3.358709295339825E-6	7.2412907046601755E-6
255.0	7.7E-6	6.0E-6	3.0E-6	1.4E-5	1.2409999999999999E-11	8.290000000000003E-12	1.8589999999999994E-11	5.516556481151849E-6	9.883443518848153E-6
256.0	5.500000000000001E-6	5.0E-6	3.0E-6	1.2E-5	7.05E-12	2.8214285714285734E-12	1.6916666666666663E-11	3.8543001488728274E-6	7.145699851127174E-6
257.0	7.5999999999999975E-6	6.0E-6	2.0E-6	1.8E-5	2.964E-11	1.404571428571427E-11	6.60266666666667E-11	4.225610810828126E-6	1.0974389189171869E-5
258.0	5.600000000000001E-6	5.0E-6	3.0E-6	1.2E-5	6.64E-12	2.5314285714285736E-12	1.6226666666666663E-11	4.0028705750628735E-6	7.197129424937128E-6
259.0	5.899999999999999E-6	5.0E-6	3.0E-6	1.0E-5	7.09E-12	4.6099999999999975E-12	1.0810000000000007E-11	4.249638100294362E-6	7.550361899705637E-6
260.0	5.400000000000001E-6	6.0E-6	1.0E-6	1.2E-5	9.84E-12	8.520000000000003E-12	1.1159999999999997E-11	3.4557432268344813E-6	7.34425677316552E-6
261.0	6.6E-6	7.0E-6	3.0E-6	1.2E-5	7.84E-12	6.720000000000002E-12	8.96E-12	4.8645420200995934E-6	8.335457979900406E-6
262.0	5.0E-6	5.0E-6	2.0E-6	7.0E-6	2.4000000000000003E-12	4.666666666666669E-12	2.499999999999999E-12	4.039800020828995E-6	5.960199979171006E-6
263.0	6.1E-6	6.0E-6	2.0E-6	1.4E-5	1.1689999999999996E-11	7.409999999999999E-12	1.8109999999999996E-11	3.980842054022401E-6	8.2191579459776E-6
264.0	4.9E-6	6.0E-6	3.0E-6	7.0E-6	2.09E-12	2.9099999999999987E-12	1.5433333333333343E-12	4.003956251068062E-6	5.796043748931937E-6
265.0	7.000000000000001E-6	6.0E-6	4.0E-6	1.3E-5	6.3999999999999986E-12	2.8571428571428594E-12	1.4666666666666658E-11	5.432000000000001E-6	8.568E-6
266.0	5.199999999999999E-6	5.0E-6	2.0E-6	1.1E-5	7.96E-12	5.273333333333331E-12	1.1990000000000004E-11	3.4513108909814755E-6	6.948689109018523E-6
267.0	5.500000000000001E-6	5.0E-6	0.0	1.4E-5	1.3250000000000001E-11	7.91666666666667E-12	2.1249999999999998E-11	3.2438705710886188E-6	7.756129428911383E-6
268.0	4.7E-6	5.0E-6	2.0E-6	8.0E-6	4.41E-12	5.59E-12	3.6233333333333333E-12	3.398406515074695E-6	6.001593484925305E-6
269.0	4.2E-6	5.0E-6	3.0E-6	7.0E-6	1.7600000000000002E-12	1.439999999999999E-12	2.0800000000000016E-12	3.377733863034601E-6	5.022266136965398E-6
270.0	5.8E-6	6.0E-6	0.0	1.2E-5	1.1760000000000002E-11	2.0840000000000002E-11	7.868571428571428E-12	3.67450673960137E-6	7.925493260398631E-6
271.0	4.1E-6	3.0E-6	1.0E-6	1.0E-5	9.490000000000001E-12	5.943333333333333E-12	1.4810000000000005E-11	2.1906340319362553E-6	6.009365968063744E-6
272.0	4.4E-6	3.0E-6	1.0E-6	1.1E-5	9.239999999999999E-12	4.160000000000001E-12	2.109333333333333E-11	2.5159515929785673E-6	6.284048407021433E-6
273.0	4.5E-6	5.0E-6	2.0E-6	7.0E-6	3.0499999999999997E-12	3.050000000000001E-12	3.0499999999999993E-12	3.4175546203156488E-6	5.5824453796843515E-6
274.0	4.700000000000001E-6	4.0E-6	3.0E-6	9.0E-6	3.4100000000000002E-12	1.6900000000000019E-12	5.989999999999998E-12	3.5554539764605365E-6	5.844546023539465E-6
275.0	4.3E-6	4.0E-6	1.0E-6	8.0E-6	4.61E-12	3.623333333333335E-12	6.089999999999998E-12	2.9692191765733926E-6	5.630780823426608E-6
276.0	4.2000000000000004E-6	4.0E-6	2.0E-6	1.0E-5	6.36E-12	3.4733333333333354E-12	1.0689999999999999E-11	2.6369076802696525E-6	5.763092319730349E-6
277.0	4.2999999999999995E-6	3.0E-6	2.0E-6	1.0E-5	6.81E-12	3.489999999999998E-12	1.1790000000000005E-11	2.6825546067950237E-6	5.917445393204975E-6
278.0	4.3E-6	4.0E-6	1.0E-6	9.0E-6	4.61E-12	2.9566666666666673E-12	7.089999999999999E-12	2.9692191765733926E-6	5.630780823426608E-6
279.0	4.000000000000001E-6	4.0E-6	2.0E-6	6.0E-6	1.0000000000000002E-12	6.250000000000006E-13	2.499999999999999E-12	3.3801935786069983E-6	4.6198064213930035E-6
280.0	5.0999999999999995E-6	5.0E-6	1.0E-6	9.0E-6	5.09E-12	4.276666666666665E-12	6.310000000000002E-12	3.701652975831821E-6	6.498347024168178E-6
281.0	4.4E-6	5.0E-6	2.0E-6	7.0E-6	2.04E-12	2.0000000000000008E-12	2.0799999999999996E-12	3.514739360414121E-6	5.285260639585879E-6
282.0	4.8E-6	6.0E-6	0.0	9.0E-6	9.560000000000002E-12	1.314E-11	7.1733333333333345E-12	2.883605051144206E-6	6.7163949488557935E-6
283.0	4.0E-6	4.0E-6	1.0E-6	7.0E-6	2.8E-12	2.6000000000000002E-12	3.7500000000000016E-12	2.9628654860626804E-6	5.03713451393732E-6
284.0	3.2999999999999997E-6	3.0E-6	1.0E-6	5.0E-6	1.0100000000000003E-12	9.566666666666666E-13	1.0900000000000008E-12	2.677102255582828E-6	3.922897744417172E-6
285.0	4.3E-6	6.0E-6	1.0E-6	8.0E-6	6.210000000000001E-12	6.490000000000003E-12	5.929999999999999E-12	2.7554503569001098E-6	5.844549643099891E-6
286.0	3.9E-6	3.0E-6	0.0	1.1E-5	1.0089999999999998E-11	5.8766666666666674E-12	1.6409999999999998E-11	1.9311997561966834E-6	5.8688002438033165E-6
287.0	3.899999999999999E-6	3.0E-6	0.0	1.3E-5	1.189E-11	4.35285714285714E-12	2.947666666666667E-11	1.762790978869871E-6	6.037209021130127E-6
288.0	3.5000000000000004E-6	3.0E-6	1.0E-6	7.0E-6	3.0499999999999997E-12	1.916666666666668E-12	4.749999999999998E-12	2.417554620315649E-6	4.582445379684352E-6
289.0	4.1E-6	4.0E-6	1.0E-6	8.0E-6	5.09E-12	3.809999999999999E-12	7.01E-12	2.701652975831821E-6	5.498347024168178E-6
290.0	3.5000000000000004E-6	4.0E-6	0.0	7.0E-6	4.05E-12	3.8500000000000016E-12	4.249999999999999E-12	2.2526636379869304E-6	4.74733636201307E-6
291.0	3.4E-6	3.0E-6	1.0E-6	1.0E-5	5.640000000000002E-12	1.7314285714285716E-12	1.4760000000000006E-11	1.9280413049273426E-6	4.8719586950726575E-6
292.0	2.6E-6	3.0E-6	0.0	6.0E-6	3.0400000000000008E-12	2.5200000000000006E-12	3.5600000000000006E-12	1.5193305778361266E-6	3.6806694221638734E-6
293.0	4.3E-6	4.0E-6	2.0E-6	8.0E-6	3.61E-12	2.3566666666666675E-12	5.489999999999998E-12	3.122367799353296E-6	5.477632200646705E-6
294.0	3.8E-6	3.0E-6	1.0E-6	8.0E-6	5.56E-12	3.1400000000000004E-12	9.189999999999998E-12	2.3385180124271115E-6	5.2614819875728885E-6
295.0	3.3E-6	4.0E-6	0.0	7.0E-6	4.41E-12	4.3299999999999995E-12	4.49E-12	1.998406515074696E-6	4.6015934849253045E-6
296.0	3.6000000000000003E-6	3.0E-6	1.0E-6	7.0E-6	5.440000000000001E-12	3.926666666666668E-12	7.709999999999998E-12	2.154375429096475E-6	5.045624570903525E-6
297.0	3.6999999999999993E-6	3.0E-6	1.0E-6	7.0E-6	4.61E-12	3.2233333333333318E-12	6.690000000000003E-12	2.3692191765733916E-6	5.030780823426607E-6
298.0	4.0E-6	5.0E-6	0.0	9.0E-6	8.400000000000001E-12	7.4E-12	9.400000000000001E-12	2.2036303275773105E-6	5.796369672422689E-6
299.0	3.7000000000000006E-6	3.0E-6	2.0E-6	8.0E-6	3.2100000000000003E-12	1.6900000000000017E-12	5.489999999999999E-12	2.5895255068215215E-6	4.81047449317848E-6
300.0	3.6999999999999997E-6	4.0E-6	0.0	9.0E-6	9.21E-12	7.689999999999998E-12	1.0730000000000001E-11	1.8190125997232197E-6	5.5809874002767795E-6
301.0	2.7999999999999994E-6	3.0E-6	0.0	5.0E-6	2.16E-12	3.0899999999999983E-12	1.5400000000000013E-12	1.889074316972015E-6	3.710925683027984E-6
302.0	3.5000000000000004E-6	3.0E-6	1.0E-6	1.0E-5	6.250000000000002E-12	2.9166666666666683E-12	1.125E-11	1.950483946517494E-6	5.049516053482507E-6
303.0	2.5000000000000006E-6	2.0E-6	0.0	7.0E-6	3.4499999999999996E-12	1.916666666666668E-12	5.749999999999998E-12	1.3487606678018692E-6	3.651239332198132E-6
304.0	2.4999999999999998E-6	3.0E-6	0.0	4.0E-6	1.85E-12	2.7499999999999994E-12	1.2500000000000003E-12	1.6569721238298225E-6	3.3430278761701773E-6
305.0	4.2999999999999995E-6	5.0E-6	0.0	8.0E-6	5.81E-12	8.189999999999998E-12	4.223333333333335E-12	2.806022222387494E-6	5.793977777612505E-6
306.0	3.1E-6	2.0E-6	1.0E-6	9.0E-6	6.49E-12	1.86E-12	2.501E-11	1.5210134896079702E-6	4.67898651039203E-6
307.0	3.4E-6	4.0E-6	1.0E-6	6.0E-6	2.44E-12	2.36E-12	2.52E-12	2.4318314196380884E-6	4.368168580361912E-6
308.0	3.0E-6	3.0E-6	0.0	6.0E-6	3.800000000000001E-12	4.5000000000000014E-12	5.0000000000000005E-12	1.7917748554180807E-6	4.20822514458192E-6
309.0	2.9E-6	2.0E-6	0.0	1.0E-5	7.090000000000001E-12	2.295714285714286E-12	1.8276666666666672E-11	1.249638100294363E-6	4.550361899705637E-6
310.0	4.000000000000001E-6	4.0E-6	1.0E-6	9.0E-6	5.4000000000000004E-12	3.8333333333333354E-12	7.749999999999997E-12	2.5597000312434915E-6	5.44029996875651E-6
311.0	2.0000000000000003E-6	3.0E-6	0.0	3.0E-6	1.4000000000000003E-12	1.8000000000000008E-12	9.999999999999996E-13	1.2666351521923077E-6	2.733364847807693E-6
312.0	1.8000000000000001E-6	1.0E-6	0.0	6.0E-6	2.9600000000000007E-12	1.506666666666667E-12	5.140000000000001E-12	7.336447121151413E-7	2.8663552878848592E-6
313.0	1.7E-6	1.0E-6	0.0	6.0E-6	4.010000000000002E-12	1.5185714285714285E-12	9.823333333333335E-12	4.588386083993748E-7	2.9411613916006253E-6
314.0	2.5999999999999997E-6	4.0E-6	0.0	5.0E-6	3.640000000000001E-12	3.799999999999999E-12	3.4800000000000013E-12	1.4174847146865285E-6	3.782515285313471E-6
315.0	3.0999999999999995E-6	3.0E-6	0.0	6.0E-6	3.690000000000001E-12	2.3528571428571416E-12	6.8100000000000035E-12	1.9093907441985845E-6	4.2906092558014146E-6
316.0	4.1E-6	6.0E-6	1.0E-6	7.0E-6	5.69E-12	5.8499999999999995E-12	5.530000000000002E-12	2.6215310622133448E-6	5.578468937786654E-6
317.0	2.7000000000000004E-6	2.0E-6	0.0	6.0E-6	2.41E-12	1.6233333333333342E-12	3.5899999999999986E-12	1.7378016836431282E-6	3.6621983163568724E-6
318.0	2.9E-6	3.0E-6	0.0	8.0E-6	5.09E-12	4.810000000000001E-12	5.276666666666666E-12	1.5016529758318219E-6	4.298347024168179E-6
319.0	2.4E-6	2.0E-6	0.0	6.0E-6	3.24E-12	1.993333333333333E-12	5.110000000000001E-12	1.2843484414925958E-6	3.515651558507404E-6
320.0	2.1000000000000002E-6	2.0E-6	0.0	7.0E-6	4.4900000000000005E-12	2.61E-12	7.309999999999999E-12	7.866537394883255E-7	3.413346260511675E-6
321.0	2.8E-6	3.0E-6	0.0	8.0E-6	6.559999999999999E-12	5.479999999999999E-12	7.639999999999999E-12	1.2125209922647797E-6	4.38747900773522E-6
322.0	2.1E-6	2.0E-6	0.0	5.0E-6	1.69E-12	9.814285714285713E-13	3.343333333333335E-12	1.2942516521890967E-6	2.905748347810903E-6
323.0	2.0000000000000003E-6	2.0E-6	0.0	5.0E-6	2.2000000000000003E-12	1.1428571428571436E-12	4.666666666666667E-12	1.080678511074608E-6	2.9193214889253926E-6
324.0	2.0E-6	2.0E-6	0.0	4.0E-6	1.8E-12	1.6E-12	2.5E-12	1.16844242532462E-6	2.8315575746753798E-6
325.0	1.7E-6	2.0E-6	0.0	3.0E-6	8.1E-13	1.09E-12	6.233333333333333E-13	1.142174220746298E-6	2.257825779253702E-6
326.0	2.6000000000000005E-6	2.0E-6	0.0	8.0E-6	4.84E-12	1.902857142857144E-12	1.1693333333333332E-11	1.2364258729353954E-6	3.963574127064606E-6
327.0	2.9E-6	3.0E-6	1.0E-6	8.0E-6	3.8900000000000006E-12	2.9100000000000007E-12	4.5433333333333314E-12	1.6775506554462062E-6	4.122449344553794E-6
328.0	1.7999999999999997E-6	2.0E-6	0.0	3.0E-6	1.36E-12	1.9399999999999994E-12	9.73333333333334E-13	1.0771877145482376E-6	2.522812285451762E-6
329.0	2.4000000000000003E-6	2.0E-6	0.0	6.0E-6	3.640000000000001E-12	2.0171428571428577E-12	7.426666666666665E-12	1.2174847146865291E-6	3.5825152853134715E-6
330.0	2.8000000000000003E-6	2.0E-6	0.0	8.0E-6	5.16E-12	2.040000000000001E-12	1.2439999999999998E-11	1.3920704563082715E-6	4.2079295436917296E-6
331.0	2.9000000000000006E-6	3.0E-6	0.0	6.0E-6	3.8900000000000006E-12	6.810000000000003E-12	2.6385714285714276E-12	1.6775506554462067E-6	4.122449344553794E-6
332.0	2.2999999999999996E-6	2.0E-6	0.0	5.0E-6	2.0100000000000005E-12	1.4899999999999993E-12	2.790000000000002E-12	1.4212727385587718E-6	3.1787272614412274E-6
333.0	2.9E-6	2.0E-6	1.0E-6	9.0E-6	6.290000000000001E-12	2.6766666666666677E-12	1.171E-11	1.3455334033823695E-6	4.454466596617631E-6
334.0	1.7E-6	2.0E-6	0.0	3.0E-6	6.099999999999998E-13	1.2900000000000002E-12	3.1857142857142847E-13	1.2159157098190442E-6	2.184084290180956E-6
335.0	2.1E-6	2.0E-6	0.0	7.0E-6	3.8900000000000006E-12	1.4099999999999998E-12	1.3810000000000004E-11	8.775506554462059E-7	3.3224493445537935E-6
336.0	2.4E-6	3.0E-6	0.0	6.0E-6	2.8399999999999992E-12	2.3599999999999996E-12	3.32E-12	1.3554836525932206E-6	3.444516347406779E-6
337.0	2.2E-6	2.0E-6	0.0	6.0E-6	2.76E-12	1.3257142857142862E-12	6.106666666666667E-12	1.1703002379334063E-6	3.229699762066594E-6
338.0	1.8000000000000001E-6	2.0E-6	0.0	4.0E-6	1.56E-12	1.9400000000000002E-12	1.3066666666666665E-12	1.0258620278012455E-6	2.5741379721987547E-6
339.0	1.4E-6	1.0E-6	0.0	4.0E-6	2.0399999999999998E-12	1.3599999999999997E-12	3.06E-12	5.147393604141208E-7	2.285260639585879E-6
340.0	2.0000000000000003E-6	2.0E-6	0.0	5.0E-6	2.6000000000000006E-12	1.0000000000000006E-12	9.000000000000001E-12	1.0005921753358146E-6	2.999407824664186E-6
341.0	1.7E-6	2.0E-6	0.0	4.0E-6	1.41E-12	1.6899999999999999E-12	1.2233333333333334E-12	9.640206524636715E-7	2.4359793475363283E-6
342.0	2.2E-6	2.0E-6	0.0	5.0E-6	2.7600000000000004E-12	2.1066666666666667E-12	3.740000000000001E-12	1.1703002379334061E-6	3.229699762066594E-6
343.0	2.0E-6	2.0E-6	0.0	5.0E-6	2.4000000000000003E-12	2.5E-12	4.6666666666666675E-12	1.0398000208289942E-6	2.960199979171006E-6
344.0	1.8000000000000003E-6	1.0E-6	0.0	6.0E-6	2.96E-12	1.011428571428572E-12	7.506666666666665E-12	7.336447121151417E-7	2.8663552878848592E-6
345.0	2.0000000000000003E-6	2.0E-6	0.0	4.0E-6	1.8000000000000002E-12	1.3333333333333342E-12	2.4999999999999986E-12	1.1684424253246205E-6	2.83155757467538E-6
346.0	2.2E-6	2.0E-6	0.0	4.0E-6	1.7600000000000002E-12	1.1257142857142862E-12	3.2399999999999987E-12	1.3777338630346014E-6	3.022266136965399E-6
347.0	1.1E-6	1.0E-6	0.0	3.0E-6	8.899999999999999E-13	5.242857142857143E-13	1.7433333333333334E-12	5.152757915050893E-7	1.6847242084949108E-6
348.0	2.1E-6	3.0E-6	0.0	3.0E-6	1.2900000000000002E-12	2.0099999999999997E-12	8.100000000000005E-13	1.3960352281541354E-6	2.803964771845864E-6
349.0	1.6E-6	1.0E-6	1.0E-6	5.0E-6	1.44E-12	3.6000000000000003E-13	3.960000000000001E-12	8.562322943283972E-7	2.3437677056716026E-6
350.0	1.9E-6	2.0E-6	0.0	4.0E-6	1.29E-12	1.5100000000000002E-12	1.1433333333333332E-12	1.1960352281541356E-6	2.6039647718458642E-6
351.0	2.3000000000000004E-6	2.0E-6	0.0	5.0E-6	3.210000000000001E-12	2.3566666666666675E-12	4.49E-12	1.1895255068215214E-6	3.4104744931784795E-6
352.0	1.8000000000000003E-6	1.0E-6	1.0E-6	6.0E-6	2.16E-12	6.400000000000006E-13	4.44E-12	8.890743169720159E-7	2.710925683027985E-6
353.0	1.7E-6	2.0E-6	0.0	4.0E-6	1.6099999999999998E-12	1.45E-12	1.7700000000000001E-12	9.135538162086361E-7	2.486446183791364E-6
354.0	1.6E-6	2.0E-6	0.0	5.0E-6	2.2399999999999997E-12	1.6799999999999997E-12	2.8000000000000006E-12	6.723586900099801E-7	2.5276413099900197E-6
355.0	1.5000000000000002E-6	1.0E-6	0.0	3.0E-6	1.0500000000000002E-12	5.357142857142861E-13	2.2499999999999995E-12	8.6488741155603E-7	2.1351125884439707E-6
356.0	2.0000000000000003E-6	2.0E-6	1.0E-6	5.0E-6	1.6000000000000003E-12	7.142857142857148E-13	3.666666666666667E-12	1.2160000000000003E-6	2.7840000000000004E-6
357.0	1.6E-6	2.0E-6	0.0	3.0E-6	8.400000000000002E-13	8.0E-13	8.800000000000003E-13	1.031938031549374E-6	2.168061968450626E-6
358.0	1.5E-6	2.0E-6	0.0	3.0E-6	1.0500000000000002E-12	1.0500000000000002E-12	1.0500000000000002E-12	8.648874115560297E-7	2.1351125884439702E-6
359.0	1.6000000000000004E-6	1.0E-6	0.0	5.0E-6	1.84E-12	6.742857142857151E-13	4.559999999999999E-12	7.592536648905336E-7	2.440746335109467E-6
360.0	1.4000000000000001E-6	1.0E-6	0.0	3.0E-6	1.04E-12	7.600000000000003E-13	1.4599999999999996E-12	7.679189925333938E-7	2.0320810074666065E-6
361.0	1.2999999999999998E-6	1.0E-6	0.0	2.0E-6	4.099999999999999E-13	3.566666666666665E-13	4.900000000000001E-13	9.031302480661948E-7	1.696869751933805E-6
362.0	1.6000000000000004E-6	2.0E-6	0.0	4.0E-6	1.04E-12	8.000000000000008E-13	1.279999999999999E-12	9.67918992533394E-7	2.2320810074666067E-6
363.0	1.7E-6	2.0E-6	0.0	4.0E-6	1.01E-12	1.09E-12	9.566666666666666E-13	1.0771022555828286E-6	2.3228977444171715E-6
364.0	2.3E-6	2.0E-6	0.0	5.0E-6	1.6100000000000002E-12	1.2233333333333334E-12	2.19E-12	1.513553816208636E-6	3.086446183791364E-6
365.0	1.4E-6	2.0E-6	0.0	3.0E-6	8.399999999999999E-13	8.8E-13	8.000000000000001E-13	8.319380315493741E-7	1.9680619684506257E-6
366.0	1.8000000000000001E-6	2.0E-6	0.0	4.0E-6	1.1600000000000001E-12	1.2900000000000004E-12	1.073333333333333E-12	1.1324480544556853E-6	2.4675519455443148E-6
367.0	2.0000000000000003E-6	2.0E-6	0.0	4.0E-6	1.6000000000000003E-12	1.0000000000000006E-12	2.999999999999999E-12	1.2160000000000003E-6	2.7840000000000004E-6
368.0	1.7E-6	2.0E-6	0.0	4.0E-6	1.6099999999999998E-12	1.4499999999999999E-12	1.7700000000000001E-12	9.135538162086361E-7	2.486446183791364E-6
369.0	1.6E-6	2.0E-6	0.0	4.0E-6	2.4399999999999993E-12	2.1199999999999994E-12	2.7599999999999995E-12	6.318314196380881E-7	2.568168580361912E-6
370.0	1.4E-6	1.0E-6	0.0	5.0E-6	1.84E-12	6.742857142857142E-13	4.56E-12	5.592536648905332E-7	2.2407463351094668E-6
371.0	1.6000000000000004E-6	1.0E-6	0.0	5.0E-6	2.04E-12	1.0933333333333342E-12	3.4599999999999994E-12	7.14739360414121E-7	2.4852606395858798E-6
372.0	1.1E-6	0.0	0.0	4.0E-6	2.09E-12	1.21E-12	3.41E-12	2.039562510680631E-7	1.996043748931937E-6
373.0	1.1E-6	1.0E-6	0.0	3.0E-6	8.899999999999999E-13	5.242857142857143E-13	1.7433333333333334E-12	5.152757915050893E-7	1.6847242084949108E-6
374.0	1.8000000000000001E-6	1.0E-6	0.0	4.0E-6	1.5600000000000002E-12	1.0733333333333337E-12	2.2899999999999997E-12	1.0258620278012455E-6	2.5741379721987547E-6
375.0	1.5000000000000002E-6	1.0E-6	0.0	4.0E-6	1.8499999999999996E-12	8.214285714285718E-13	4.249999999999999E-12	6.569721238298229E-7	2.3430278761701776E-6
376.0	8.999999999999999E-7	1.0E-6	0.0	3.0E-6	1.09E-12	8.099999999999998E-13	1.3700000000000002E-12	2.5290309844660814E-7	1.5470969015533917E-6
377.0	1.7E-6	1.0E-6	0.0	6.0E-6	3.210000000000002E-12	1.1757142857142858E-12	7.956666666666667E-12	5.895255068215208E-7	2.8104744931784793E-6
378.0	1.1E-6	1.0E-6	0.0	2.0E-6	6.9E-13	6.1E-13	8.099999999999998E-13	5.851501189667032E-7	1.614849881033297E-6
379.0	1.6E-6	2.0E-6	0.0	4.0E-6	1.0399999999999996E-12	8.0E-13	1.28E-12	9.679189925333937E-7	2.2320810074666063E-6
380.0	1.6E-6	2.0E-6	0.0	4.0E-6	1.4399999999999997E-12	1.24E-12	1.6399999999999997E-12	8.562322943283972E-7	2.3437677056716026E-6
381.0	8.0E-7	1.0E-6	0.0	3.0E-6	9.599999999999997E-13	6.399999999999999E-13	1.28E-12	1.927162113146771E-7	1.4072837886853228E-6
382.0	1.0999999999999998E-6	2.0E-6	0.0	2.0E-6	8.899999999999999E-13	9.699999999999997E-13	8.100000000000002E-13	5.15275791505089E-7	1.6847242084949106E-6
383.0	8.0E-7	1.0E-6	0.0	2.0E-6	7.599999999999998E-13	6.399999999999999E-13	8.799999999999998E-13	2.5966528891806333E-7	1.3403347110819366E-6
384.0	1.1E-6	1.0E-6	0.0	3.0E-6	8.900000000000001E-13	5.242857142857144E-13	1.7433333333333334E-12	5.152757915050892E-7	1.684724208494911E-6
385.0	1.1E-6	1.0E-6	0.0	3.0E-6	1.09E-12	8.1E-13	1.5099999999999998E-12	4.5290309844660834E-7	1.7470969015533919E-6
386.0	1.5E-6	1.0E-6	0.0	5.0E-6	2.05E-12	8.214285714285715E-13	4.916666666666668E-12	6.125722564625334E-7	2.3874277435374667E-6
387.0	1.2E-6	1.0E-6	0.0	4.0E-6	1.96E-12	1.2066666666666665E-12	3.09E-12	3.322710100497966E-7	2.0677289899502034E-6
388.0	1.4000000000000001E-6	1.0E-6	0.0	5.0E-6	2.2399999999999997E-12	9.314285714285718E-13	5.293333333333334E-12	4.7235869000998037E-7	2.32764130999002E-6
389.0	1.7E-6	2.0E-6	0.0	5.0E-6	1.6100000000000004E-12	9.700000000000001E-13	2.2500000000000007E-12	9.13553816208636E-7	2.486446183791364E-6
390.0	9.000000000000001E-7	1.0E-6	0.0	3.0E-6	1.09E-12	8.100000000000002E-13	1.37E-12	2.5290309844660835E-7	1.5470969015533917E-6
391.0	6.999999999999999E-7	1.0E-6	0.0	3.0E-6	8.099999999999998E-13	4.899999999999998E-13	1.1299999999999998E-12	1.4217422074629782E-7	1.257825779253702E-6
392.0	1.4000000000000001E-6	1.0E-6	0.0	3.0E-6	1.04E-12	7.600000000000003E-13	1.4599999999999996E-12	7.679189925333938E-7	2.0320810074666065E-6
393.0	7.0E-7	1.0E-6	0.0	2.0E-6	4.099999999999999E-13	4.899999999999999E-13	3.5666666666666654E-13	3.031302480661949E-7	1.096869751933805E-6
394.0	1.4E-6	1.0E-6	0.0	4.0E-6	1.6399999999999997E-12	1.06E-12	2.5099999999999996E-12	6.062604961323898E-7	2.19373950386761E-6
395.0	1.4E-6	1.0E-6	0.0	4.0E-6	2.0399999999999994E-12	1.3599999999999997E-12	3.06E-12	5.147393604141209E-7	2.285260639585879E-6
396.0	1.4E-6	2.0E-6	0.0	3.0E-6	1.2399999999999998E-12	1.24E-12	1.2400000000000002E-12	7.098127790229668E-7	2.090187220977033E-6
397.0	6.0E-7	1.0E-6	0.0	2.0E-6	4.4E-13	3.6E-13	5.2E-13	1.8886693151730055E-7	1.0111330684826993E-6
398.0	1.4999999999999998E-6	1.0E-6	0.0	4.0E-6	2.0499999999999995E-12	1.2499999999999997E-12	3.2499999999999993E-12	6.125722564625332E-7	2.3874277435374667E-6
399.0	1.6E-6	1.0E-6	0.0	6.0E-6	3.04E-12	1.4599999999999998E-12	5.4100000000000006E-12	5.193305778361267E-7	2.680669422163873E-6
400.0	4.0E-7	0.0	0.0	1.0E-6	2.4E-13	1.5999999999999995E-13	3.6E-13	9.635810565733855E-8	7.036418943426614E-7
401.0	1.3999999999999997E-6	2.0E-6	0.0	3.0E-6	1.24E-12	1.2399999999999994E-12	1.2400000000000006E-12	7.098127790229666E-7	2.0901872209770327E-6
402.0	1.1E-6	1.0E-6	0.0	4.0E-6	1.49E-12	6.957142857142858E-13	3.343333333333333E-12	3.4342984462774386E-7	1.8565701553722561E-6
403.0	6.0E-7	1.0E-6	0.0	2.0E-6	4.4E-13	3.6E-13	5.2E-13	1.8886693151730055E-7	1.0111330684826993E-6
404.0	1.5E-6	1.0E-6	0.0	6.0E-6	3.65E-12	1.3928571428571429E-12	8.916666666666667E-12	3.158614945877321E-7	2.684138505412268E-6
405.0	6.999999999999999E-7	1.0E-6	0.0	2.0E-6	4.099999999999999E-13	4.899999999999998E-13	3.5666666666666685E-13	3.031302480661948E-7	1.0968697519338048E-6
406.0	8.0E-7	0.0	0.0	3.0E-6	1.36E-12	6.399999999999998E-13	2.44E-12	7.718771454823772E-8	1.522812285451762E-6
407.0	1.2E-6	1.0E-6	0.0	4.0E-6	1.96E-12	1.2066666666666667E-12	3.09E-12	3.322710100497966E-7	2.0677289899502034E-6
408.0	4.0E-7	0.0	0.0	2.0E-6	6.399999999999999E-13	1.5999999999999995E-13	2.5599999999999996E-12	-9.58451371144018E-8	8.958451371144018E-7
409.0	6.999999999999999E-7	1.0E-6	0.0	2.0E-6	4.099999999999999E-13	4.899999999999998E-13	3.5666666666666685E-13	3.031302480661948E-7	1.0968697519338048E-6
410.0	8.999999999999999E-7	1.0E-6	0.0	2.0E-6	6.9E-13	8.099999999999998E-13	6.1E-13	3.8515011896670296E-7	1.4148498810332969E-6
411.0	8.0E-7	0.0	0.0	5.0E-6	2.1600000000000005E-12	6.399999999999998E-13	4.440000000000001E-12	-1.1092568302798455E-7	1.7109256830279844E-6
412.0	1.0E-6	0.0	0.0	3.0E-6	1.6000000000000003E-12	1.0E-12	2.5000000000000007E-12	2.1599999999999992E-7	1.784E-6
413.0	8.0E-7	1.0E-6	0.0	2.0E-6	7.599999999999998E-13	6.399999999999999E-13	8.799999999999998E-13	2.5966528891806333E-7	1.3403347110819366E-6
414.0	1.0E-6	1.0E-6	0.0	3.0E-6	1.0000000000000002E-12	1.0E-12	2.0000000000000004E-12	3.8019357860699755E-7	1.6198064213930024E-6
415.0	1.1E-6	1.0E-6	0.0	3.0E-6	4.9E-13	1.4333333333333335E-13	3.61E-12	6.661355050248983E-7	1.5338644949751018E-6
416.0	6.999999999999999E-7	0.0	0.0	3.0E-6	1.01E-12	4.899999999999998E-13	1.79E-12	7.710225558282833E-8	1.3228977444171713E-6
417.0	8.999999999999999E-7	1.0E-6	0.0	3.0E-6	1.09E-12	8.099999999999998E-13	1.3700000000000002E-12	2.5290309844660814E-7	1.5470969015533917E-6
418.0	3.0E-7	0.0	0.0	2.0E-6	4.099999999999998E-13	9.000000000000001E-14	1.6899999999999995E-12	-9.6869751933805E-8	6.96869751933805E-7
419.0	4.0E-7	0.0	0.0	2.0E-6	4.399999999999999E-13	1.5999999999999995E-13	1.0933333333333332E-12	-1.1133068482699387E-8	8.111330684826994E-7
420.0	6.999999999999999E-7	1.0E-6	0.0	2.0E-6	6.099999999999999E-13	4.899999999999998E-13	7.3E-13	2.1591570981904395E-7	1.1840842901809557E-6
421.0	6.0E-7	1.0E-6	0.0	2.0E-6	4.4E-13	3.6E-13	5.199999999999999E-13	1.8886693151730055E-7	1.0111330684826993E-6
422.0	8.999999999999999E-7	1.0E-6	0.0	2.0E-6	4.899999999999999E-13	8.099999999999997E-13	3.528571428571429E-13	4.6613550502489823E-7	1.3338644949751016E-6
423.0	5.0E-7	0.0	0.0	2.0E-6	4.5E-13	2.5E-13	7.5E-13	8.42212126623101E-8	9.157787873376898E-7
424.0	8.0E-7	1.0E-6	0.0	2.0E-6	7.599999999999998E-13	6.399999999999999E-13	8.8E-13	2.5966528891806333E-7	1.3403347110819366E-6
425.0	6.0E-7	0.0	0.0	4.0E-6	1.4399999999999995E-12	3.6000000000000003E-13	3.959999999999999E-12	-1.4376770567160253E-7	1.3437677056716025E-6
426.0	8.999999999999999E-7	1.0E-6	0.0	3.0E-6	1.09E-12	8.099999999999998E-13	1.3700000000000002E-12	2.5290309844660814E-7	1.5470969015533917E-6
427.0	1.2999999999999998E-6	2.0E-6	0.0	2.0E-6	6.099999999999998E-13	7.299999999999998E-13	4.900000000000001E-13	8.159157098190439E-7	1.7840842901809559E-6
428.0	8.0E-7	1.0E-6	0.0	3.0E-6	9.600000000000002E-13	6.399999999999999E-13	1.28E-12	1.92716211314677E-7	1.407283788685323E-6
429.0	1.0000000000000002E-6	1.0E-6	0.0	2.0E-6	6.000000000000001E-13	4.285714285714287E-13	9.999999999999996E-13	5.199000104144973E-7	1.480099989585503E-6
430.0	6.0E-7	1.0E-6	0.0	2.0E-6	4.4E-13	3.6E-13	5.2E-13	1.8886693151730055E-7	1.0111330684826993E-6
431.0	6.0E-7	0.0	0.0	3.0E-6	1.0399999999999998E-12	3.6000000000000003E-13	2.6266666666666665E-12	-3.208100746660621E-8	1.2320810074666062E-6
432.0	5.0E-7	0.0	0.0	2.0E-6	6.500000000000001E-13	2.5E-13	1.5833333333333335E-12	2.960876679070942E-10	9.99703912332093E-7
433.0	4.0E-7	0.0	0.0	3.0E-6	8.399999999999997E-13	1.5999999999999995E-13	3.56E-12	-1.680619684506259E-7	9.68061968450626E-7
434.0	4.0E-7	0.0	0.0	1.0E-6	2.4000000000000004E-13	1.5999999999999995E-13	3.6E-13	9.63581056573385E-8	7.036418943426615E-7
435.0	1.1E-6	1.0E-6	0.0	4.0E-6	2.2899999999999997E-12	7.600000000000001E-13	8.409999999999998E-12	1.6206268866197676E-7	2.0379373113380233E-6
436.0	5.0E-7	0.0	0.0	2.0E-6	4.5E-13	2.5E-13	7.5E-13	8.42212126623101E-8	9.157787873376898E-7
437.0	8.0E-7	1.0E-6	0.0	3.0E-6	7.6E-13	6.399999999999999E-13	8.4E-13	2.5966528891806333E-7	1.3403347110819366E-6
438.0	7.0E-7	1.0E-6	0.0	3.0E-6	8.1E-13	4.899999999999999E-13	1.13E-12	1.4217422074629793E-7	1.2578257792537021E-6
439.0	6.0E-7	1.0E-6	0.0	2.0E-6	4.4E-13	3.6E-13	5.2E-13	1.8886693151730055E-7	1.0111330684826993E-6
440.0	6.999999999999999E-7	1.0E-6	0.0	2.0E-6	4.0999999999999997E-13	4.899999999999998E-13	3.5666666666666675E-13	3.031302480661948E-7	1.0968697519338048E-6
441.0	8.999999999999999E-7	1.0E-6	0.0	3.0E-6	8.899999999999999E-13	8.099999999999998E-13	9.433333333333334E-13	3.1527579150508906E-7	1.4847242084949106E-6
442.0	6.0E-7	1.0E-6	0.0	2.0E-6	4.4E-13	3.6E-13	5.2E-13	1.8886693151730055E-7	1.0111330684826993E-6
443.0	6.0E-7	1.0E-6	0.0	2.0E-6	4.4E-13	3.6E-13	5.2E-13	1.8886693151730055E-7	1.0111330684826993E-6
444.0	1.0E-7	0.0	0.0	1.0E-6	8.999999999999994E-14	9.999999999999997E-15	8.099999999999999E-13	-8.594192641790063E-8	2.859419264179006E-7
445.0	6.0E-7	0.0	0.0	3.0E-6	8.4E-13	3.6000000000000003E-13	1.5599999999999998E-12	3.193803154937399E-8	1.168061968450626E-6
446.0	6.0E-7	0.0	0.0	4.0E-6	1.4399999999999993E-12	3.6000000000000003E-13	3.9599999999999985E-12	-1.4376770567160253E-7	1.3437677056716025E-6
447.0	7.0E-7	1.0E-6	0.0	2.0E-6	4.099999999999998E-13	4.899999999999999E-13	3.5666666666666654E-13	3.03130248066195E-7	1.096869751933805E-6
448.0	8.0E-7	1.0E-6	0.0	2.0E-6	7.599999999999998E-13	6.399999999999999E-13	8.799999999999998E-13	2.5966528891806333E-7	1.3403347110819366E-6
449.0	8.0E-7	1.0E-6	0.0	3.0E-6	9.600000000000002E-13	6.399999999999999E-13	1.28E-12	1.92716211314677E-7	1.407283788685323E-6
450.0	6.999999999999999E-7	1.0E-6	0.0	1.0E-6	2.1E-13	4.899999999999998E-13	9.000000000000005E-14	4.1596901577468687E-7	9.840309842253129E-7
451.0	8.0E-7	1.0E-6	0.0	2.0E-6	7.599999999999998E-13	6.399999999999999E-13	8.799999999999998E-13	2.5966528891806333E-7	1.3403347110819366E-6
452.0	6.0E-7	0.0	0.0	3.0E-6	8.399999999999997E-13	3.6000000000000003E-13	1.56E-12	3.193803154937409E-8	1.1680619684506257E-6
453.0	4.0E-7	0.0	0.0	3.0E-6	8.399999999999999E-13	1.5999999999999995E-13	3.56E-12	-1.680619684506259E-7	9.68061968450626E-7
454.0	4.0E-7	0.0	0.0	1.0E-6	2.4000000000000004E-13	1.5999999999999995E-13	3.6E-13	9.63581056573385E-8	7.036418943426615E-7
455.0	3.0E-7	0.0	0.0	1.0E-6	2.0999999999999996E-13	9.000000000000001E-14	4.899999999999999E-13	1.5969015774687046E-8	5.840309842253129E-7
456.0	5.0E-7	0.0	0.0	2.0E-6	6.500000000000001E-13	2.5E-13	1.5833333333333335E-12	2.960876679070942E-10	9.99703912332093E-7
457.0	2.0E-7	0.0	0.0	1.0E-6	1.5999999999999997E-13	3.999999999999999E-14	6.399999999999999E-13	-4.79225685572009E-8	4.479225685572009E-7
458.0	5.0E-7	0.0	0.0	3.0E-6	8.500000000000004E-13	2.5E-13	2.2500000000000003E-12	-7.143328569483955E-8	1.0714332856948395E-6
459.0	3.0E-7	0.0	0.0	1.0E-6	2.0999999999999996E-13	9.000000000000001E-14	4.899999999999999E-13	1.5969015774687046E-8	5.840309842253129E-7
460.0	3.0E-7	0.0	0.0	2.0E-6	4.099999999999999E-13	9.000000000000001E-14	1.6899999999999995E-12	-9.686975193380506E-8	6.96869751933805E-7
461.0	3.0E-7	0.0	0.0	2.0E-6	4.099999999999998E-13	9.000000000000001E-14	1.6899999999999995E-12	-9.6869751933805E-8	6.96869751933805E-7
462.0	4.0E-7	0.0	0.0	1.0E-6	2.4000000000000004E-13	1.5999999999999995E-13	3.6E-13	9.63581056573385E-8	7.036418943426615E-7
463.0	1.0E-7	0.0	0.0	1.0E-6	8.999999999999997E-14	9.999999999999997E-15	8.099999999999999E-13	-8.594192641790063E-8	2.859419264179006E-7
464.0	3.0E-7	0.0	0.0	1.0E-6	2.0999999999999996E-13	9.000000000000001E-14	4.899999999999999E-13	1.5969015774687046E-8	5.840309842253129E-7
465.0	6.0E-7	1.0E-6	0.0	1.0E-6	2.4E-13	3.6E-13	1.5999999999999995E-13	2.9635810565733854E-7	9.036418943426614E-7
466.0	8.0E-7	1.0E-6	0.0	3.0E-6	9.600000000000002E-13	6.399999999999999E-13	1.2799999999999998E-12	1.92716211314677E-7	1.407283788685323E-6
467.0	2.0E-7	0.0	0.0	1.0E-6	1.6E-13	3.999999999999999E-14	6.399999999999999E-13	-4.79225685572009E-8	4.479225685572009E-7
468.0	4.0E-7	0.0	0.0	2.0E-6	4.4E-13	1.5999999999999995E-13	1.0933333333333332E-12	-1.113306848269944E-8	8.111330684826994E-7
469.0	9.000000000000001E-7	1.0E-6	0.0	2.0E-6	6.9E-13	8.100000000000001E-13	6.099999999999999E-13	3.851501189667032E-7	1.4148498810332969E-6
470.0	3.0E-7	0.0	0.0	2.0E-6	4.099999999999999E-13	9.000000000000001E-14	1.6899999999999995E-12	-9.686975193380506E-8	6.96869751933805E-7
471.0	5.0E-7	0.0	0.0	2.0E-6	4.5E-13	2.5E-13	7.5E-13	8.42212126623101E-8	9.157787873376898E-7
472.0	4.0E-7	0.0	0.0	1.0E-6	2.4E-13	1.5999999999999995E-13	3.6E-13	9.635810565733855E-8	7.036418943426614E-7
473.0	2.0E-7	0.0	0.0	1.0E-6	1.5999999999999997E-13	3.999999999999999E-14	6.399999999999999E-13	-4.79225685572009E-8	4.479225685572009E-7
474.0	3.0E-7	0.0	0.0	2.0E-6	4.0999999999999977E-13	9.000000000000001E-14	1.6899999999999995E-12	-9.68697519338049E-8	6.968697519338048E-7
475.0	5.0E-7	0.0	0.0	2.0E-6	4.5E-13	2.5E-13	7.5E-13	8.42212126623101E-8	9.157787873376898E-7
476.0	1.0E-7	0.0	0.0	1.0E-6	8.999999999999994E-14	9.999999999999997E-15	8.099999999999999E-13	-8.594192641790063E-8	2.859419264179006E-7
477.0	1.0E-7	0.0	0.0	1.0E-6	8.999999999999994E-14	9.999999999999997E-15	8.099999999999999E-13	-8.594192641790063E-8	2.859419264179006E-7
478.0	4.0E-7	0.0	0.0	1.0E-6	2.4E-13	1.5999999999999995E-13	3.6E-13	9.635810565733855E-8	7.036418943426614E-7
479.0	3.0E-7	0.0	0.0	1.0E-6	2.0999999999999996E-13	9.000000000000001E-14	4.899999999999999E-13	1.5969015774687046E-8	5.840309842253129E-7
480.0	3.0E-7	0.0	0.0	1.0E-6	2.0999999999999996E-13	9.000000000000001E-14	4.899999999999999E-13	1.5969015774687046E-8	5.840309842253129E-7
481.0	1.0E-7	0.0	0.0	1.0E-6	8.999999999999996E-14	9.999999999999997E-15	8.099999999999999E-13	-8.594192641790063E-8	2.859419264179006E-7
482.0	1.0E-7	0.0	0.0	1.0E-6	8.999999999999998E-14	9.999999999999997E-15	8.099999999999999E-13	-8.594192641790068E-8	2.859419264179007E-7
483.0	6.0E-7	1.0E-6	0.0	2.0E-6	4.4E-13	3.6E-13	5.2E-13	1.8886693151730055E-7	1.0111330684826993E-6
484.0	4.0E-7	0.0	0.0	3.0E-6	8.399999999999997E-13	1.5999999999999995E-13	3.56E-12	-1.680619684506259E-7	9.68061968450626E-7
485.0	5.0E-7	1.0E-6	0.0	1.0E-6	2.5E-13	2.5E-13	2.5E-13	1.9009678930349883E-7	8.099032106965011E-7
486.0	2.0E-7	0.0	0.0	1.0E-6	1.5999999999999997E-13	3.999999999999999E-14	6.399999999999999E-13	-4.79225685572009E-8	4.479225685572009E-7
487.0	5.0E-7	0.0	0.0	2.0E-6	4.5E-13	2.5E-13	7.5E-13	8.42212126623101E-8	9.157787873376898E-7
488.0	0.0	0.0	0.0	0.0	0.0	0.0	0.0	0.0	0.0
489.0	8.999999999999999E-7	1.0E-6	0.0	4.0E-6	1.29E-12	8.099999999999998E-13	1.61E-12	1.9603522815413543E-7	1.6039647718458643E-6
490.0	1.0E-7	0.0	0.0	1.0E-6	8.999999999999994E-14	9.999999999999997E-15	8.099999999999999E-13	-8.594192641790063E-8	2.859419264179006E-7
491.0	2.0E-7	0.0	0.0	1.0E-6	1.5999999999999997E-13	3.999999999999999E-14	6.399999999999999E-13	-4.79225685572009E-8	4.479225685572009E-7
492.0	1.0E-7	0.0	0.0	1.0E-6	8.999999999999997E-14	9.999999999999997E-15	8.099999999999999E-13	-8.594192641790063E-8	2.859419264179006E-7
493.0	1.0E-7	0.0	0.0	1.0E-6	8.999999999999994E-14	9.999999999999997E-15	8.099999999999999E-13	-8.594192641790063E-8	2.859419264179006E-7
494.0	2.0E-7	0.0	0.0	2.0E-6	3.599999999999999E-13	3.999999999999999E-14	3.2399999999999995E-12	-1.7188385283580126E-7	5.718838528358012E-7
495.0	1.0E-7	0.0	0.0	1.0E-6	8.999999999999997E-14	9.999999999999997E-15	8.099999999999999E-13	-8.594192641790063E-8	2.859419264179006E-7
496.0	4.0E-7	0.0	0.0	2.0E-6	4.399999999999999E-13	1.5999999999999995E-13	1.0933333333333332E-12	-1.1133068482699387E-8	8.111330684826994E-7
497.0	5.0E-7	0.0	0.0	2.0E-6	6.500000000000001E-13	2.5E-13	1.5833333333333335E-12	2.960876679070942E-10	9.99703912332093E-7
498.0	5.0E-7	1.0E-6	0.0	1.0E-6	2.5E-13	2.5E-13	2.5E-13	1.9009678930349883E-7	8.099032106965011E-7
499.0	2.0E-7	0.0	0.0	1.0E-6	1.6E-13	3.999999999999999E-14	6.399999999999999E-13	-4.79225685572009E-8	4.479225685572009E-7
500.0	2.0E-7	0.0	0.0	1.0E-6	1.5999999999999997E-13	3.999999999999999E-14	6.399999999999999E-13	-4.79225685572009E-8	4.479225685572009E-7
501.0	4.0E-7	0.0	0.0	2.0E-6	4.4E-13	1.5999999999999995E-13	1.0933333333333332E-12	-1.113306848269944E-8	8.111330684826994E-7
502.0	3.0E-7	0.0	0.0	2.0E-6	4.099999999999998E-13	9.000000000000001E-14	1.6899999999999995E-12	-9.6869751933805E-8	6.96869751933805E-7
503.0	5.0E-7	0.0	0.0	2.0E-6	4.5000000000000005E-13	2.5E-13	7.5E-13	8.42212126623101E-8	9.157787873376898E-7
504.0	5.0E-7	0.0	0.0	2.0E-6	6.500000000000001E-13	2.5E-13	1.5833333333333335E-12	2.960876679070942E-10	9.99703912332093E-7
505.0	4.0E-7	0.0	0.0	1.0E-6	2.4E-13	1.5999999999999995E-13	3.6E-13	9.635810565733855E-8	7.036418943426614E-7
506.0	4.0E-7	0.0	0.0	2.0E-6	4.4E-13	1.5999999999999995E-13	1.0933333333333332E-12	-1.113306848269944E-8	8.111330684826994E-7
507.0	3.0E-7	0.0	0.0	1.0E-6	2.1E-13	9.000000000000001E-14	4.899999999999999E-13	1.5969015774686993E-8	5.84030984225313E-7
508.0	1.0E-7	0.0	0.0	1.0E-6	8.999999999999997E-14	9.999999999999997E-15	8.099999999999999E-13	-8.594192641790063E-8	2.859419264179006E-7
509.0	2.0E-7	0.0	0.0	1.0E-6	1.5999999999999997E-13	3.999999999999999E-14	6.399999999999999E-13	-4.79225685572009E-8	4.479225685572009E-7
510.0	3.0E-7	0.0	0.0	1.0E-6	2.0999999999999996E-13	9.000000000000001E-14	4.899999999999999E-13	1.5969015774687046E-8	5.840309842253129E-7
511.0	2.0E-7	0.0	0.0	2.0E-6	3.599999999999999E-13	3.999999999999999E-14	3.2399999999999995E-12	-1.7188385283580126E-7	5.718838528358012E-7
512.0	2.0E-7	0.0	0.0	1.0E-6	1.5999999999999997E-13	3.999999999999999E-14	6.399999999999999E-13	-4.79225685572009E-8	4.479225685572009E-7
513.0	1.0E-7	0.0	0.0	1.0E-6	8.999999999999994E-14	9.999999999999997E-15	8.099999999999999E-13	-8.594192641790063E-8	2.859419264179006E-7
514.0	1.0E-7	0.0	0.0	1.0E-6	8.999999999999998E-14	9.999999999999997E-15	8.099999999999999E-13	-8.594192641790068E-8	2.859419264179007E-7
515.0	2.0E-7	0.0	0.0	2.0E-6	3.5999999999999983E-13	3.999999999999999E-14	3.2399999999999995E-12	-1.7188385283580126E-7	5.718838528358012E-7
516.0	2.0E-7	0.0	0.0	1.0E-6	1.5999999999999997E-13	3.999999999999999E-14	6.399999999999999E-13	-4.79225685572009E-8	4.479225685572009E-7
517.0	3.0E-7	0.0	0.0	2.0E-6	4.099999999999999E-13	9.000000000000001E-14	1.6899999999999995E-12	-9.686975193380506E-8	6.96869751933805E-7
518.0	6.0E-7	0.0	0.0	3.0E-6	8.399999999999997E-13	3.6000000000000003E-13	1.56E-12	3.193803154937409E-8	1.1680619684506257E-6
519.0	2.0E-7	0.0	0.0	1.0E-6	1.6E-13	3.999999999999999E-14	6.399999999999999E-13	-4.79225685572009E-8	4.479225685572009E-7
520.0	3.0E-7	0.0	0.0	2.0E-6	4.099999999999999E-13	9.000000000000001E-14	1.6899999999999995E-12	-9.686975193380506E-8	6.96869751933805E-7
521.0	3.0E-7	0.0	0.0	1.0E-6	2.0999999999999996E-13	9.000000000000001E-14	4.899999999999999E-13	1.5969015774687046E-8	5.840309842253129E-7
522.0	0.0	0.0	0.0	0.0	0.0	0.0	0.0	0.0	0.0
523.0	2.0E-7	0.0	0.0	1.0E-6	1.5999999999999997E-13	3.999999999999999E-14	6.399999999999999E-13	-4.79225685572009E-8	4.479225685572009E-7
524.0	3.0E-7	0.0	0.0	1.0E-6	2.0999999999999991E-13	9.000000000000001E-14	4.899999999999999E-13	1.5969015774687046E-8	5.840309842253129E-7
525.0	3.0E-7	0.0	0.0	1.0E-6	2.0999999999999991E-13	9.000000000000001E-14	4.899999999999999E-13	1.5969015774687046E-8	5.840309842253129E-7
526.0	3.0E-7	0.0	0.0	1.0E-6	2.0999999999999996E-13	9.000000000000001E-14	4.899999999999999E-13	1.5969015774687046E-8	5.840309842253129E-7
527.0	3.0E-7	0.0	0.0	1.0E-6	2.0999999999999996E-13	9.000000000000001E-14	4.899999999999999E-13	1.5969015774687046E-8	5.840309842253129E-7
528.0	2.0E-7	0.0	0.0	1.0E-6	1.5999999999999997E-13	3.999999999999999E-14	6.399999999999999E-13	-4.79225685572009E-8	4.479225685572009E-7
529.0	3.0E-7	0.0	0.0	1.0E-6	2.0999999999999996E-13	9.000000000000001E-14	4.899999999999999E-13	1.5969015774687046E-8	5.840309842253129E-7
530.0	2.0E-7	0.0	0.0	1.0E-6	1.5999999999999997E-13	3.999999999999999E-14	6.399999999999999E-13	-4.79225685572009E-8	4.479225685572009E-7
531.0	5.0E-7	0.0	0.0	2.0E-6	4.5E-13	2.5E-13	7.5E-13	8.42212126623101E-8	9.157787873376898E-7
532.0	1.0E-7	0.0	0.0	1.0E-6	8.999999999999997E-14	9.999999999999997E-15	8.099999999999999E-13	-8.594192641790063E-8	2.859419264179006E-7
533.0	3.0E-7	0.0	0.0	2.0E-6	4.099999999999999E-13	9.000000000000001E-14	1.6899999999999995E-12	-9.686975193380506E-8	6.96869751933805E-7
534.0	2.0E-7	0.0	0.0	1.0E-6	1.5999999999999997E-13	3.999999999999999E-14	6.399999999999999E-13	-4.79225685572009E-8	4.479225685572009E-7
535.0	2.0E-7	0.0	0.0	1.0E-6	1.5999999999999997E-13	3.999999999999999E-14	6.399999999999999E-13	-4.79225685572009E-8	4.479225685572009E-7
536.0	3.0E-7	0.0	0.0	2.0E-6	4.099999999999999E-13	9.000000000000001E-14	1.6899999999999995E-12	-9.686975193380506E-8	6.96869751933805E-7
537.0	0.0	0.0	0.0	0.0	0.0	0.0	0.0	0.0	0.0
538.0	1.0E-7	0.0	0.0	1.0E-6	8.999999999999997E-14	9.999999999999997E-15	8.099999999999999E-13	-8.594192641790063E-8	2.859419264179006E-7
539.0	1.0E-7	0.0	0.0	1.0E-6	8.999999999999997E-14	9.999999999999997E-15	8.099999999999999E-13	-8.594192641790063E-8	2.859419264179006E-7
540.0	3.0E-7	0.0	0.0	1.0E-6	2.0999999999999996E-13	9.000000000000001E-14	4.899999999999999E-13	1.5969015774687046E-8	5.840309842253129E-7
541.0	1.0E-7	0.0	0.0	1.0E-6	8.999999999999996E-14	9.999999999999997E-15	8.099999999999999E-13	-8.594192641790063E-8	2.859419264179006E-7
542.0	1.0E-7	0.0	0.0	1.0E-6	8.999999999999997E-14	9.999999999999997E-15	8.099999999999999E-13	-8.594192641790063E-8	2.859419264179006E-7
543.0	1.0E-7	0.0	0.0	1.0E-6	8.999999999999998E-14	9.999999999999997E-15	8.099999999999999E-13	-8.594192641790068E-8	2.859419264179007E-7
544.0	1.0E-7	0.0	0.0	1.0E-6	8.999999999999997E-14	9.999999999999997E-15	8.099999999999999E-13	-8.594192641790063E-8	2.859419264179006E-7
545.0	1.0E-7	0.0	0.0	1.0E-6	8.999999999999994E-14	9.999999999999997E-15	8.099999999999999E-13	-8.594192641790063E-8	2.859419264179006E-7
546.0	0.0	0.0	0.0	0.0	0.0	0.0	0.0	0.0	0.0
547.0	3.0E-7	0.0	0.0	1.0E-6	2.0999999999999996E-13	9.000000000000001E-14	4.899999999999999E-13	1.5969015774687046E-8	5.840309842253129E-7
548.0	3.0E-7	0.0	0.0	2.0E-6	4.099999999999999E-13	9.000000000000001E-14	1.6899999999999995E-12	-9.686975193380506E-8	6.96869751933805E-7
549.0	2.0E-7	0.0	0.0	2.0E-6	3.5999999999999993E-13	3.999999999999999E-14	3.2399999999999995E-12	-1.7188385283580137E-7	5.718838528358013E-7
550.0	0.0	0.0	0.0	0.0	0.0	0.0	0.0	0.0	0.0
551.0	0.0	0.0	0.0	0.0	0.0	0.0	0.0	0.0	0.0
552.0	0.0	0.0	0.0	0.0	0.0	0.0	0.0	0.0	0.0
553.0	0.0	0.0	0.0	0.0	0.0	0.0	0.0	0.0	0.0
554.0	5.0E-7	0.0	0.0	3.0E-6	8.500000000000001E-13	2.5E-13	2.2500000000000003E-12	-7.143328569483945E-8	1.0714332856948393E-6
555.0	0.0	0.0	0.0	0.0	0.0	0.0	0.0	0.0	0.0
556.0	1.0E-7	0.0	0.0	1.0E-6	8.999999999999997E-14	9.999999999999997E-15	8.099999999999999E-13	-8.594192641790063E-8	2.859419264179006E-7
557.0	2.0E-7	0.0	0.0	1.0E-6	1.5999999999999997E-13	3.999999999999999E-14	6.399999999999999E-13	-4.79225685572009E-8	4.479225685572009E-7
558.0	2.0E-7	0.0	0.0	1.0E-6	1.5999999999999997E-13	3.999999999999999E-14	6.399999999999999E-13	-4.79225685572009E-8	4.479225685572009E-7
559.0	3.0E-7	0.0	0.0	3.0E-6	8.1E-13	9.000000000000001E-14	7.29E-12	-2.5782577925370205E-7	8.57825779253702E-7
560.0	2.0E-7	0.0	0.0	1.0E-6	1.5999999999999997E-13	3.999999999999999E-14	6.399999999999999E-13	-4.79225685572009E-8	4.479225685572009E-7
561.0	1.0E-7	0.0	0.0	1.0E-6	8.999999999999998E-14	9.999999999999997E-15	8.099999999999999E-13	-8.594192641790068E-8	2.859419264179007E-7
562.0	0.0	0.0	0.0	0.0	0.0	0.0	0.0	0.0	0.0
563.0	1.0E-7	0.0	0.0	1.0E-6	8.999999999999994E-14	9.999999999999997E-15	8.099999999999999E-13	-8.594192641790063E-8	2.859419264179006E-7
564.0	1.0E-7	0.0	0.0	1.0E-6	8.999999999999996E-14	9.999999999999997E-15	8.099999999999999E-13	-8.594192641790063E-8	2.859419264179006E-7
565.0	2.0E-7	0.0	0.0	1.0E-6	1.6E-13	3.999999999999999E-14	6.399999999999999E-13	-4.79225685572009E-8	4.479225685572009E-7
566.0	3.0E-7	0.0	0.0	1.0E-6	2.0999999999999996E-13	9.000000000000001E-14	4.899999999999999E-13	1.5969015774687046E-8	5.840309842253129E-7
567.0	4.0E-7	0.0	0.0	2.0E-6	4.4E-13	1.5999999999999995E-13	1.0933333333333332E-12	-1.113306848269944E-8	8.111330684826994E-7
568.0	1.0E-7	0.0	0.0	1.0E-6	8.999999999999996E-14	9.999999999999997E-15	8.099999999999999E-13	-8.594192641790063E-8	2.859419264179006E-7
569.0	2.0E-7	0.0	0.0	1.0E-6	1.6E-13	3.999999999999999E-14	6.399999999999999E-13	-4.79225685572009E-8	4.479225685572009E-7
570.0	1.0E-7	0.0	0.0	1.0E-6	8.999999999999997E-14	9.999999999999997E-15	8.099999999999999E-13	-8.594192641790063E-8	2.859419264179006E-7
571.0	3.0E-7	0.0	0.0	2.0E-6	4.099999999999998E-13	9.000000000000001E-14	1.6899999999999995E-12	-9.6869751933805E-8	6.96869751933805E-7
572.0	0.0	0.0	0.0	0.0	0.0	0.0	0.0	0.0	0.0
573.0	0.0	0.0	0.0	0.0	0.0	0.0	0.0	0.0	0.0
574.0	1.0E-7	0.0	0.0	1.0E-6	8.999999999999994E-14	9.999999999999997E-15	8.099999999999999E-13	-8.594192641790063E-8	2.859419264179006E-7
575.0	0.0	0.0	0.0	0.0	0.0	0.0	0.0	0.0	0.0
576.0	1.0E-7	0.0	0.0	1.0E-6	8.999999999999996E-14	9.999999999999997E-15	8.099999999999999E-13	-8.594192641790063E-8	2.859419264179006E-7
577.0	0.0	0.0	0.0	0.0	0.0	0.0	0.0	0.0	0.0
578.0	1.0E-7	0.0	0.0	1.0E-6	8.999999999999994E-14	9.999999999999997E-15	8.099999999999999E-13	-8.594192641790063E-8	2.859419264179006E-7
579.0	0.0	0.0	0.0	0.0	0.0	0.0	0.0	0.0	0.0
580.0	0.0	0.0	0.0	0.0	0.0	0.0	0.0	0.0	0.0
581.0	2.0E-7	0.0	0.0	1.0E-6	1.6E-13	3.999999999999999E-14	6.399999999999999E-13	-4.79225685572009E-8	4.479225685572009E-7
582.0	1.0E-7	0.0	0.0	1.0E-6	8.999999999999998E-14	9.999999999999997E-15	8.099999999999999E-13	-8.594192641790068E-8	2.859419264179007E-7
583.0	3.0E-7	0.0	0.0	1.0E-6	2.0999999999999996E-13	9.000000000000001E-14	4.899999999999999E-13	1.5969015774687046E-8	5.840309842253129E-7
584.0	0.0	0.0	0.0	0.0	0.0	0.0	0.0	0.0	0.0
585.0	0.0	0.0	0.0	0.0	0.0	0.0	0.0	0.0	0.0
586.0	0.0	0.0	0.0	0.0	0.0	0.0	0.0	0.0	0.0
587.0	1.0E-7	0.0	0.0	1.0E-6	8.999999999999997E-14	9.999999999999997E-15	8.099999999999999E-13	-8.594192641790063E-8	2.859419264179006E-7
588.0	2.0E-7	0.0	0.0	1.0E-6	1.5999999999999997E-13	3.999999999999999E-14	6.399999999999999E-13	-4.79225685572009E-8	4.479225685572009E-7
589.0	1.0E-7	0.0	0.0	1.0E-6	8.999999999999997E-14	9.999999999999997E-15	8.099999999999999E-13	-8.594192641790063E-8	2.859419264179006E-7
590.0	1.0E-7	0.0	0.0	1.0E-6	8.999999999999998E-14	9.999999999999997E-15	8.099999999999999E-13	-8.594192641790068E-8	2.859419264179007E-7
591.0	1.0E-7	0.0	0.0	1.0E-6	8.999999999999998E-14	9.999999999999997E-15	8.099999999999999E-13	-8.594192641790068E-8	2.859419264179007E-7
592.0	0.0	0.0	0.0	0.0	0.0	0.0	0.0	0.0	0.0
593.0	0.0	0.0	0.0	0.0	0.0	0.0	0.0	0.0	0.0
594.0	1.0E-7	0.0	0.0	1.0E-6	8.999999999999998E-14	9.999999999999997E-15	8.099999999999999E-13	-8.594192641790068E-8	2.859419264179007E-7
595.0	0.0	0.0	0.0	0.0	0.0	0.0	0.0	0.0	0.0
596.0	1.0E-7	0.0	0.0	1.0E-6	8.999999999999994E-14	9.999999999999997E-15	8.099999999999999E-13	-8.594192641790063E-8	2.859419264179006E-7
597.0	1.0E-7	0.0	0.0	1.0E-6	8.999999999999997E-14	9.999999999999997E-15	8.099999999999999E-13	-8.594192641790063E-8	2.859419264179006E-7
598.0	1.0E-7	0.0	0.0	1.0E-6	8.999999999999996E-14	9.999999999999997E-15	8.099999999999999E-13	-8.594192641790063E-8	2.859419264179006E-7
599.0	1.0E-7	0.0	0.0	1.0E-6	8.999999999999998E-14	9.999999999999997E-15	8.099999999999999E-13	-8.594192641790068E-8	2.859419264179007E-7
600.0	1.0E-7	0.0	0.0	1.0E-6	8.999999999999998E-14	9.999999999999997E-15	8.099999999999999E-13	-8.594192641790068E-8	2.859419264179007E-7
601.0	0.0	0.0	0.0	0.0	0.0	0.0	0.0	0.0	0.0
602.0	0.0	0.0	0.0	0.0	0.0	0.0	0.0	0.0	0.0
603.0	1.0E-7	0.0	0.0	1.0E-6	8.999999999999997E-14	9.999999999999997E-15	8.099999999999999E-13	-8.594192641790063E-8	2.859419264179006E-7
604.0	0.0	0.0	0.0	0.0	0.0	0.0	0.0	0.0	0.0
605.0	0.0	0.0	0.0	0.0	0.0	0.0	0.0	0.0	0.0
606.0	2.0E-7	0.0	0.0	1.0E-6	1.5999999999999997E-13	3.999999999999999E-14	6.399999999999999E-13	-4.79225685572009E-8	4.479225685572009E-7
607.0	0.0	0.0	0.0	0.0	0.0	0.0	0.0	0.0	0.0
608.0	2.0E-7	0.0	0.0	1.0E-6	1.5999999999999997E-13	3.999999999999999E-14	6.399999999999999E-13	-4.79225685572009E-8	4.479225685572009E-7
609.0	0.0	0.0	0.0	0.0	0.0	0.0	0.0	0.0	0.0
610.0	0.0	0.0	0.0	0.0	0.0	0.0	0.0	0.0	0.0
611.0	0.0	0.0	0.0	0.0	0.0	0.0	0.0	0.0	0.0
612.0	1.0E-7	0.0	0.0	1.0E-6	8.999999999999997E-14	9.999999999999997E-15	8.099999999999999E-13	-8.594192641790063E-8	2.859419264179006E-7
613.0	1.0E-7	0.0	0.0	1.0E-6	8.999999999999997E-14	9.999999999999997E-15	8.099999999999999E-13	-8.594192641790063E-8	2.859419264179006E-7
614.0	0.0	0.0	0.0	0.0	0.0	0.0	0.0	0.0	0.0
615.0	0.0	0.0	0.0	0.0	0.0	0.0	0.0	0.0	0.0
616.0	0.0	0.0	0.0	0.0	0.0	0.0	0.0	0.0	0.0
617.0	1.0E-7	0.0	0.0	1.0E-6	8.999999999999996E-14	9.999999999999997E-15	8.099999999999999E-13	-8.594192641790063E-8	2.859419264179006E-7
618.0	0.0	0.0	0.0	0.0	0.0	0.0	0.0	0.0	0.0
619.0	0.0	0.0	0.0	0.0	0.0	0.0	0.0	0.0	0.0
620.0	0.0	0.0	0.0	0.0	0.0	0.0	0.0	0.0	0.0
621.0	1.0E-7	0.0	0.0	1.0E-6	8.999999999999997E-14	9.999999999999997E-15	8.099999999999999E-13	-8.594192641790063E-8	2.859419264179006E-7
622.0	0.0	0.0	0.0	0.0	0.0	0.0	0.0	0.0	0.0
623.0	0.0	0.0	0.0	0.0	0.0	0.0	0.0	0.0	0.0
624.0	0.0	0.0	0.0	0.0	0.0	0.0	0.0	0.0	0.0
625.0	2.0E-7	0.0	0.0	1.0E-6	1.5999999999999997E-13	3.999999999999999E-14	6.399999999999999E-13	-4.79225685572009E-8	4.479225685572009E-7
626.0	1.0E-7	0.0	0.0	1.0E-6	8.999999999999996E-14	9.999999999999997E-15	8.099999999999999E-13	-8.594192641790063E-8	2.859419264179006E-7
627.0	0.0	0.0	0.0	0.0	0.0	0.0	0.0	0.0	0.0
628.0	1.0E-7	0.0	0.0	1.0E-6	8.999999999999996E-14	9.999999999999997E-15	8.099999999999999E-13	-8.594192641790063E-8	2.859419264179006E-7
629.0	1.0E-7	0.0	0.0	1.0E-6	8.999999999999998E-14	9.999999999999997E-15	8.099999999999999E-13	-8.594192641790068E-8	2.859419264179007E-7
630.0	3.0E-7	0.0	0.0	2.0E-6	4.099999999999998E-13	9.000000000000001E-14	1.6899999999999995E-12	-9.6869751933805E-8	6.96869751933805E-7
631.0	2.0E-7	0.0	0.0	1.0E-6	1.6E-13	3.999999999999999E-14	6.399999999999999E-13	-4.79225685572009E-8	4.479225685572009E-7
632.0	0.0	0.0	0.0	0.0	0.0	0.0	0.0	0.0	0.0
633.0	0.0	0.0	0.0	0.0	0.0	0.0	0.0	0.0	0.0
634.0	0.0	0.0	0.0	0.0	0.0	0.0	0.0	0.0	0.0
635.0	0.0	0.0	0.0	0.0	0.0	0.0	0.0	0.0	0.0
636.0	2.0E-7	0.0	0.0	2.0E-6	3.5999999999999983E-13	3.999999999999999E-14	3.2399999999999995E-12	-1.7188385283580126E-7	5.718838528358012E-7
637.0	1.0E-7	0.0	0.0	1.0E-6	8.999999999999996E-14	9.999999999999997E-15	8.099999999999999E-13	-8.594192641790063E-8	2.859419264179006E-7
638.0	2.0E-7	0.0	0.0	1.0E-6	1.5999999999999997E-13	3.999999999999999E-14	6.399999999999999E-13	-4.79225685572009E-8	4.479225685572009E-7
639.0	0.0	0.0	0.0	0.0	0.0	0.0	0.0	0.0	0.0
640.0	1.0E-7	0.0	0.0	1.0E-6	8.999999999999997E-14	9.999999999999997E-15	8.099999999999999E-13	-8.594192641790063E-8	2.859419264179006E-7
641.0	0.0	0.0	0.0	0.0	0.0	0.0	0.0	0.0	0.0
642.0	0.0	0.0	0.0	0.0	0.0	0.0	0.0	0.0	0.0
643.0	0.0	0.0	0.0	0.0	0.0	0.0	0.0	0.0	0.0
644.0	0.0	0.0	0.0	0.0	0.0	0.0	0.0	0.0	0.0
645.0	0.0	0.0	0.0	0.0	0.0	0.0	0.0	0.0	0.0
646.0	0.0	0.0	0.0	0.0	0.0	0.0	0.0	0.0	0.0
647.0	1.0E-7	0.0	0.0	1.0E-6	8.999999999999994E-14	9.999999999999997E-15	8.099999999999999E-13	-8.594192641790063E-8	2.859419264179006E-7
648.0	0.0	0.0	0.0	0.0	0.0	0.0	0.0	0.0	0.0
649.0	0.0	0.0	0.0	0.0	0.0	0.0	0.0	0.0	0.0
650.0	0.0	0.0	0.0	0.0	0.0	0.0	0.0	0.0	0.0
651.0	0.0	0.0	0.0	0.0	0.0	0.0	0.0	0.0	0.0
652.0	1.0E-7	0.0	0.0	1.0E-6	8.999999999999997E-14	9.999999999999997E-15	8.099999999999999E-13	-8.594192641790063E-8	2.859419264179006E-7
653.0	0.0	0.0	0.0	0.0	0.0	0.0	0.0	0.0	0.0
654.0	1.0E-7	0.0	0.0	1.0E-6	8.999999999999998E-14	9.999999999999997E-15	8.099999999999999E-13	-8.594192641790068E-8	2.859419264179007E-7
655.0	0.0	0.0	0.0	0.0	0.0	0.0	0.0	0.0	0.0
656.0	0.0	0.0	0.0	0.0	0.0	0.0	0.0	0.0	0.0
657.0	0.0	0.0	0.0	0.0	0.0	0.0	0.0	0.0	0.0
658.0	1.0E-7	0.0	0.0	1.0E-6	8.999999999999998E-14	9.999999999999997E-15	8.099999999999999E-13	-8.594192641790068E-8	2.859419264179007E-7
659.0	1.0E-7	0.0	0.0	1.0E-6	8.999999999999998E-14	9.999999999999997E-15	8.099999999999999E-13	-8.594192641790068E-8	2.859419264179007E-7
660.0	0.0	0.0	0.0	0.0	0.0	0.0	0.0	0.0	0.0
661.0	1.0E-7	0.0	0.0	1.0E-6	8.999999999999997E-14	9.999999999999997E-15	8.099999999999999E-13	-8.594192641790063E-8	2.859419264179006E-7
662.0	0.0	0.0	0.0	0.0	0.0	0.0	0.0	0.0	0.0
663.0	1.0E-7	0.0	0.0	1.0E-6	8.999999999999998E-14	9.999999999999997E-15	8.099999999999999E-13	-8.594192641790068E-8	2.859419264179007E-7
664.0	0.0	0.0	0.0	0.0	0.0	0.0	0.0	0.0	0.0
665.0	0.0	0.0	0.0	0.0	0.0	0.0	0.0	0.0	0.0
666.0	0.0	0.0	0.0	0.0	0.0	0.0	0.0	0.0	0.0
667.0	0.0	0.0	0.0	0.0	0.0	0.0	0.0	0.0	0.0
668.0	1.0E-7	0.0	0.0	1.0E-6	8.999999999999997E-14	9.999999999999997E-15	8.099999999999999E-13	-8.594192641790063E-8	2.859419264179006E-7
669.0	0.0	0.0	0.0	0.0	0.0	0.0	0.0	0.0	0.0
670.0	0.0	0.0	0.0	0.0	0.0	0.0	0.0	0.0	0.0
671.0	0.0	0.0	0.0	0.0	0.0	0.0	0.0	0.0	0.0
672.0	0.0	0.0	0.0	0.0	0.0	0.0	0.0	0.0	0.0
673.0	0.0	0.0	0.0	0.0	0.0	0.0	0.0	0.0	0.0
674.0	0.0	0.0	0.0	0.0	0.0	0.0	0.0	0.0	0.0
675.0	1.0E-7	0.0	0.0	1.0E-6	8.999999999999997E-14	9.999999999999997E-15	8.099999999999999E-13	-8.594192641790063E-8	2.859419264179006E-7
676.0	0.0	0.0	0.0	0.0	0.0	0.0	0.0	0.0	0.0
677.0	0.0	0.0	0.0	0.0	0.0	0.0	0.0	0.0	0.0
678.0	0.0	0.0	0.0	0.0	0.0	0.0	0.0	0.0	0.0
679.0	0.0	0.0	0.0	0.0	0.0	0.0	0.0	0.0	0.0
680.0	0.0	0.0	0.0	0.0	0.0	0.0	0.0	0.0	0.0
681.0	0.0	0.0	0.0	0.0	0.0	0.0	0.0	0.0	0.0
682.0	0.0	0.0	0.0	0.0	0.0	0.0	0.0	0.0	0.0
683.0	1.0E-7	0.0	0.0	1.0E-6	8.999999999999997E-14	9.999999999999997E-15	8.099999999999999E-13	-8.594192641790063E-8	2.859419264179006E-7
684.0	0.0	0.0	0.0	0.0	0.0	0.0	0.0	0.0	0.0
685.0	0.0	0.0	0.0	0.0	0.0	0.0	0.0	0.0	0.0
686.0	0.0	0.0	0.0	0.0	0.0	0.0	0.0	0.0	0.0
687.0	0.0	0.0	0.0	0.0	0.0	0.0	0.0	0.0	0.0
688.0	0.0	0.0	0.0	0.0	0.0	0.0	0.0	0.0	0.0
689.0	1.0E-7	0.0	0.0	1.0E-6	8.999999999999996E-14	9.999999999999997E-15	8.099999999999999E-13	-8.594192641790063E-8	2.859419264179006E-7
690.0	1.0E-7	0.0	0.0	1.0E-6	8.999999999999997E-14	9.999999999999997E-15	8.099999999999999E-13	-8.594192641790063E-8	2.859419264179006E-7
691.0	0.0	0.0	0.0	0.0	0.0	0.0	0.0	0.0	0.0
692.0	0.0	0.0	0.0	0.0	0.0	0.0	0.0	0.0	0.0
693.0	0.0	0.0	0.0	0.0	0.0	0.0	0.0	0.0	0.0
694.0	0.0	0.0	0.0	0.0	0.0	0.0	0.0	0.0	0.0
695.0	0.0	0.0	0.0	0.0	0.0	0.0	0.0	0.0	0.0
696.0	0.0	0.0	0.0	0.0	0.0	0.0	0.0	0.0	0.0
697.0	0.0	0.0	0.0	0.0	0.0	0.0	0.0	0.0	0.0
698.0	0.0	0.0	0.0	0.0	0.0	0.0	0.0	0.0	0.0
699.0	0.0	0.0	0.0	0.0	0.0	0.0	0.0	0.0	0.0
700.0	1.0E-7	0.0	0.0	1.0E-6	8.999999999999998E-14	9.999999999999997E-15	8.099999999999999E-13	-8.594192641790068E-8	2.859419264179007E-7
701.0	1.0E-7	0.0	0.0	1.0E-6	8.999999999999997E-14	9.999999999999997E-15	8.099999999999999E-13	-8.594192641790063E-8	2.859419264179006E-7
702.0	0.0	0.0	0.0	0.0	0.0	0.0	0.0	0.0	0.0
703.0	0.0	0.0	0.0	0.0	0.0	0.0	0.0	0.0	0.0
704.0	0.0	0.0	0.0	0.0	0.0	0.0	0.0	0.0	0.0
705.0	0.0	0.0	0.0	0.0	0.0	0.0	0.0	0.0	0.0
706.0	0.0	0.0	0.0	0.0	0.0	0.0	0.0	0.0	0.0
707.0	0.0	0.0	0.0	0.0	0.0	0.0	0.0	0.0	0.0
708.0	0.0	0.0	0.0	0.0	0.0	0.0	0.0	0.0	0.0
709.0	0.0	0.0	0.0	0.0	0.0	0.0	0.0	0.0	0.0
710.0	0.0	0.0	0.0	0.0	0.0	0.0	0.0	0.0	0.0
711.0	0.0	0.0	0.0	0.0	0.0	0.0	0.0	0.0	0.0
712.0	2.0E-7	0.0	0.0	1.0E-6	1.5999999999999997E-13	3.999999999999999E-14	6.399999999999999E-13	-4.79225685572009E-8	4.479225685572009E-7
713.0	0.0	0.0	0.0	0.0	0.0	0.0	0.0	0.0	0.0
714.0	1.0E-7	0.0	0.0	1.0E-6	8.999999999999998E-14	9.999999999999997E-15	8.099999999999999E-13	-8.594192641790068E-8	2.859419264179007E-7
715.0	0.0	0.0	0.0	0.0	0.0	0.0	0.0	0.0	0.0
716.0	0.0	0.0	0.0	0.0	0.0	0.0	0.0	0.0	0.0
717.0	0.0	0.0	0.0	0.0	0.0	0.0	0.0	0.0	0.0
718.0	0.0	0.0	0.0	0.0	0.0	0.0	0.0	0.0	0.0
719.0	0.0	0.0	0.0	0.0	0.0	0.0	0.0	0.0	0.0
720.0	0.0	0.0	0.0	0.0	0.0	0.0	0.0	0.0	0.0
721.0	0.0	0.0	0.0	0.0	0.0	0.0	0.0	0.0	0.0
722.0	0.0	0.0	0.0	0.0	0.0	0.0	0.0	0.0	0.0
723.0	0.0	0.0	0.0	0.0	0.0	0.0	0.0	0.0	0.0
724.0	0.0	0.0	0.0	0.0	0.0	0.0	0.0	0.0	0.0
725.0	0.0	0.0	0.0	0.0	0.0	0.0	0.0	0.0	0.0
726.0	0.0	0.0	0.0	0.0	0.0	0.0	0.0	0.0	0.0
727.0	0.0	0.0	0.0	0.0	0.0	0.0	0.0	0.0	0.0
728.0	0.0	0.0	0.0	0.0	0.0	0.0	0.0	0.0	0.0
729.0	1.0E-7	0.0	0.0	1.0E-6	8.999999999999997E-14	9.999999999999997E-15	8.099999999999999E-13	-8.594192641790063E-8	2.859419264179006E-7
730.0	1.0E-7	0.0	0.0	1.0E-6	8.999999999999998E-14	9.999999999999997E-15	8.099999999999999E-13	-8.594192641790068E-8	2.859419264179007E-7
731.0	0.0	0.0	0.0	0.0	0.0	0.0	0.0	0.0	0.0
732.0	0.0	0.0	0.0	0.0	0.0	0.0	0.0	0.0	0.0
733.0	0.0	0.0	0.0	0.0	0.0	0.0	0.0	0.0	0.0
734.0	0.0	0.0	0.0	0.0	0.0	0.0	0.0	0.0	0.0
735.0	0.0	0.0	0.0	0.0	0.0	0.0	0.0	0.0	0.0
736.0	0.0	0.0	0.0	0.0	0.0	0.0	0.0	0.0	0.0
737.0	0.0	0.0	0.0	0.0	0.0	0.0	0.0	0.0	0.0
738.0	0.0	0.0	0.0	0.0	0.0	0.0	0.0	0.0	0.0
739.0	0.0	0.0	0.0	0.0	0.0	0.0	0.0	0.0	0.0
740.0	0.0	0.0	0.0	0.0	0.0	0.0	0.0	0.0	0.0
741.0	0.0	0.0	0.0	0.0	0.0	0.0	0.0	0.0	0.0
742.0	1.0E-7	0.0	0.0	1.0E-6	8.999999999999996E-14	9.999999999999997E-15	8.099999999999999E-13	-8.594192641790063E-8	2.859419264179006E-7
743.0	0.0	0.0	0.0	0.0	0.0	0.0	0.0	0.0	0.0
744.0	0.0	0.0	0.0	0.0	0.0	0.0	0.0	0.0	0.0
745.0	1.0E-7	0.0	0.0	1.0E-6	8.999999999999997E-14	9.999999999999997E-15	8.099999999999999E-13	-8.594192641790063E-8	2.859419264179006E-7
