0.0	0.0	0.0	0.0	0.0	0.0	0.0	0.0	0.0	0.0
1.0	0.2763615994184371	0.27946620197581723	0.2577326094547394	0.2869740463323351	7.47036097818459E-5	1.1132363827802302E-4	5.029025745106115E-5	0.2710045350419531	0.28171866379492105
2.0	0.26018948247628637	0.26004353426671395	0.2275911355073445	0.28122419566269835	2.263344059611672E-4	2.1185110596843657E-4	2.480593559502631E-4	0.2508648577978319	0.26951410715474083
3.0	0.06849463917877746	0.0697849618693911	0.0640276725041526	0.07146936023941372	5.533819161474392E-6	8.852029335514455E-6	3.3216790454476844E-6	0.06703660215281687	0.06995267620473805
4.0	0.057770903106141115	0.057422378192732194	0.054862002583729426	0.06191683487763159	5.133105638012364E-6	3.587874113618435E-6	7.450952924603254E-6	0.056366647480587555	0.059175158731694676
5.0	0.06784457108724824	0.06852863006478022	0.06346019135963757	0.07176996841177977	5.620088808780147E-6	7.867554365413437E-6	4.121778437691286E-6	0.06637521295636899	0.0693139292181275
6.0	0.0313160384285308	0.031245693393970347	0.02904221371537542	0.03438249412602062	2.9247905857440833E-6	2.084891243259837E-6	4.184639599470454E-6	0.030256044300519022	0.032376032556542575
7.0	0.02965826893068892	0.029922037548271146	0.027601895696382172	0.03281886102121447	1.921908536381923E-6	1.9803471068179093E-6	1.8829494894245993E-6	0.02879901321593546	0.03051752464544238
8.0	0.02170362198431327	0.0221060096983162	0.019393393284429045	0.024177925096279043	1.767097084465872E-6	1.7160041007531156E-6	1.8181900681786282E-6	0.02087969964818661	0.022527544320439928
9.0	0.024004385867956647	0.024640626039417746	0.021694593887107257	0.026388041954553645	2.0458396665820455E-6	2.857340412533333E-6	1.5048391692811873E-6	0.023117859068410147	0.024890912667503148
10.0	0.01700105554471668	0.0174525738675863	0.01457251078978614	0.01952558329880556	1.7431187685402192E-6	2.3222424853955418E-6	1.3570362906366709E-6	0.0161827423368785	0.017819368752554857
11.0	0.013596226295091598	0.01338870556282451	0.012297140639386629	0.01590245759700947	9.316274590890077E-7	5.350590983527523E-7	1.5264800001933903E-6	0.012997983865399727	0.01419446872478347
12.0	0.012430602901014443	0.01267935006440867	0.010920572417898622	0.014286863191628635	1.0455732611730241E-6	1.085395391859344E-6	1.005751130486704E-6	0.011796830525462914	0.013064375276565971
13.0	0.010690037557918492	0.010827106322001926	0.00901945286972025	0.012813791292078497	1.1825107021850246E-6	1.5016905806300452E-6	9.697241165550103E-7	0.010016039552467883	0.011364035563369101
14.0	0.010339176128131504	0.010581641151119031	0.008831463376917922	0.012328196754355335	1.0946832064759628E-6	1.3549370455983987E-6	9.211806470610055E-7	0.009690690584268106	0.010987661671994902
15.0	0.008316517608613506	0.008505638717303131	0.006891937373220795	0.009844233081306036	7.688193193615533E-7	1.0021423853023006E-6	6.132706087343883E-7	0.007773056819111692	0.00885997839811532
16.0	0.007370463381028804	0.007371832818772319	0.006268337819139958	0.009087845782504548	6.290818484173451E-7	5.256425313860623E-7	7.325211654486282E-7	0.00687886590047382	0.007862060861583788
17.0	0.006680709017764651	0.006694842277242721	0.00555298848058886	0.008221512550633666	5.985020966337071E-7	5.598021365356361E-7	6.372020567317784E-7	0.006201208688835874	0.007160209346693427
18.0	0.005998943674379744	0.006146398427072487	0.004722983332609001	0.007239125278300643	5.804370232849297E-7	6.088203555403448E-7	5.520536910295148E-7	0.0055267353656164	0.006471151983143089
19.0	0.005318427049036166	0.005338161122400239	0.004381368017731654	0.00663442264641897	4.449717049421108E-7	3.896584835061579E-7	5.002849263780636E-7	0.004904977741175383	0.00573187635689695
20.0	0.004911712552894514	0.005000465065493354	0.003944747260255282	0.00607960289157804	3.7215395424804635E-7	3.582478303473212E-7	3.860600781487715E-7	0.004533603226027364	0.005289821879761665
21.0	0.004320705223620889	0.004284696529335092	0.0033905655941697675	0.00548100836708911	3.831421096785943E-7	3.0391195309413126E-7	5.019873445552888E-7	0.003937054506360868	0.004704355940880911
22.0	0.003995205659002012	0.004065279019075774	0.0030917196692597762	0.0051369183172978545	3.7503402697303734E-7	3.5583529240235845E-7	3.942327615437162E-7	0.0036156360714400446	0.004374775246563979
23.0	0.0036019033407237383	0.0036380453526121065	0.002758189923965325	0.004575990455064181	2.990213902522944E-7	2.8726400431229614E-7	3.107787761922926E-7	0.003262975535314797	0.00394083114613268
24.0	0.00330640994189563	0.003378801910408166	0.0025237084060613472	0.004265494995933018	2.594541283625618E-7	2.5231021288132724E-7	2.6659804384379645E-7	0.002990701376994768	0.0036221185067964916
25.0	0.003014776745892816	0.003071340096016062	0.002276927940854593	0.003943801339915159	2.469667549545952E-7	2.996626900709565E-7	2.1183613154368757E-7	0.002706759297388097	0.003322794194397535
26.0	0.00273026151789713	0.0027165890883503116	0.002080012775199941	0.003554918502577112	2.0256288541463752E-7	1.5877560302575373E-7	2.6824380899796323E-7	0.0024513053240944344	0.0030092177116998256
27.0	0.0025346800770947127	0.0024935031290225953	0.0018809056242211322	0.0033228104216528336	1.8733633669634606E-7	1.4722493584117206E-7	2.47503437979107E-7	0.0022664131818108026	0.0028029469723786227
28.0	0.002301676800662248	0.0023123598416463598	0.0016595631568893602	0.003060161803764834	1.7770132239633316E-7	1.7283396418760348E-7	1.8256868060506293E-7	0.0020403996680773712	0.002562953933247125
29.0	0.002121820937891145	0.002185745900967496	0.0015423223979373713	0.002868774438792183	1.5519388700043299E-7	1.473279830551846E-7	1.630597909456814E-7	0.0018776503343572912	0.0023659915414249986
30.0	0.0019383951199395983	0.0019077795346918638	0.001395771449247385	0.002724215897163904	1.472801545619302E-7	1.071682282102882E-7	2.0744804408939318E-7	0.0017005314106930823	0.0021762588291861142
31.0	0.0018149467785514763	0.001825887567383946	0.0012562953739424327	0.002422882599121858	1.2875044439010633E-7	1.3028353839750112E-7	1.2721735038271155E-7	0.001592549002670279	0.0020373445544326733
32.0	0.0016637948648842726	0.001659070596941891	0.0011764503743113368	0.0022620357711129278	1.0677797482335744E-7	8.544308648822726E-8	1.3878030732605282E-7	0.0014612613446755402	0.001866328385093005
33.0	0.001551800020563725	0.0015761676176919	0.0011238941720225144	0.002082864620925765	8.293661236963187E-8	7.930077599859742E-8	8.657244874066632E-8	0.001373303720860012	0.001730296320267438
34.0	0.001440236307158354	0.001472033387658375	0.0010420277799956944	0.0020645402987475325	8.722918921230869E-8	7.299460150338015E-8	1.0146377692123724E-7	0.0012571790338043556	0.0016232935805123524
35.0	0.0013248644819853614	0.0012922903797734798	9.429795526052211E-4	0.001915909685524091	7.901258864711253E-8	5.3622512434010345E-8	1.1709770296676582E-7	0.0011506419918910146	0.0014990869720797081
36.0	0.0012472789658605253	0.0012819631425486399	8.14708528903913E-4	0.0017835673586813004	8.11010802651071E-8	7.666965435479924E-8	8.553250617541498E-8	0.0010707689349992637	0.001423788996721787
37.0	0.0011562542342964204	0.0011313223631797538	7.893755522588909E-4	0.001640026834951812	6.183429119276955E-8	4.567163879153166E-8	8.607826979462642E-8	0.0010021300593444863	0.0013103784092483545
38.0	0.0010631380089905049	0.0010736946824815895	7.539093849558598E-4	0.0014557655952706962	4.7126083055516245E-8	4.4261969526330904E-8	4.999019658470157E-8	9.285870667173008E-4	0.001197688951263709
39.0	9.912478166356378E-4	9.948357509998909E-4	6.748704978233906E-4	0.001448639469979161	4.8668137204026034E-8	4.1379058434380506E-8	5.595721597367156E-8	8.54513213888935E-4	0.0011279824193823407
40.0	9.537902451209569E-4	9.291199747651419E-4	6.640274019953165E-4	0.0013733061454686496	4.382002044516086E-8	3.104890271247796E-8	6.297669704418522E-8	8.240447286118575E-4	0.0010835357616300564
41.0	8.909597299541795E-4	8.826134254297812E-4	6.039381632173286E-4	0.001294918767261766	4.1379481528261574E-8	3.0466040514106365E-8	5.774964304949438E-8	7.648790350643711E-4	0.001017040424843988
42.0	8.239158239227308E-4	8.098205656005209E-4	5.330058286112665E-4	0.001211441299560929	3.913857373245655E-8	2.8314594108461042E-8	5.5374543168449814E-8	7.012965983295942E-4	9.465350495158673E-4
43.0	7.723673116507575E-4	7.953686472965055E-4	5.01592937571439E-4	0.0010780809548193476	2.8429743568625448E-8	2.8323866503390446E-8	2.853562063386046E-8	6.67860994667892E-4	8.76873628633623E-4
44.0	7.168301102486996E-4	7.2691758635053E-4	4.841234787758852E-4	0.0010556845610459524	2.701484096138672E-8	2.3488869761158958E-8	3.054081216161448E-8	6.149575363942695E-4	8.187026841031298E-4
45.0	6.749754512770517E-4	6.682788937102925E-4	4.4369563086140627E-4	0.0010108917734991617	2.4238860211100484E-8	1.7063677088038417E-8	3.500163489569358E-8	5.784788164202011E-4	7.714720861339024E-4
46.0	6.343806826069765E-4	6.436152557055076E-4	4.1748745510996536E-4	8.826215182515339E-4	2.0487324416223508E-8	2.0231845422968555E-8	2.074280340947846E-8	5.456653482631528E-4	7.230960169508003E-4
47.0	5.948244037424124E-4	5.884089502865208E-4	3.860745640701379E-4	8.714233213648362E-4	2.2264162753101115E-8	1.6593044059872473E-8	3.077084079294408E-8	5.023419688521516E-4	6.873068386326732E-4
48.0	5.551151653812706E-4	5.636391050180071E-4	3.566883111619122E-4	8.317206233119991E-4	2.2504156919928935E-8	1.8105957964019774E-8	2.6902355875838098E-8	4.6213561428340883E-4	6.480947164791324E-4
49.0	5.453120485089897E-4	5.449354367773792E-4	3.2932869638528824E-4	8.398647665023247E-4	2.0433826122024172E-8	1.4367004740963166E-8	2.9534058193615685E-8	4.567126205027277E-4	6.339114765152518E-4
50.0	5.076962556206457E-4	5.055059710365299E-4	3.303420154510891E-4	7.696215314857666E-4	1.608825056301756E-8	1.17844954635573E-8	2.2543883212207954E-8	4.290803390624269E-4	5.863121721788646E-4
51.0	4.7363834766865674E-4	4.903407919054339E-4	2.9183589095065543E-4	6.963242427728365E-4	1.8089897898874344E-8	1.6971745089093132E-8	1.920805070865555E-8	3.9027519527605844E-4	5.57001500061255E-4
52.0	4.462127514396084E-4	4.418122186859271E-4	2.644762761740315E-4	6.851260458861387E-4	1.3725526377903592E-8	1.0109620470425531E-8	1.914938523912068E-8	3.735987155144827E-4	5.188267873647341E-4
53.0	4.3350302140240964E-4	4.39790194801781E-4	2.756227858978412E-4	6.260810077562784E-4	1.1475103862428818E-8	1.0529132390062855E-8	1.242107533479478E-8	3.671081729592461E-4	4.998978698455732E-4
54.0	4.1416957495296787E-4	4.044047768292239E-4	2.705561905688368E-4	6.199729003635342E-4	1.0183680390615076E-8	7.37406846332132E-9	1.4398098281555711E-8	3.516222915678465E-4	4.7671685833808927E-4
55.0	3.845856238311043E-4	3.953056693505664E-4	2.5839636177922614E-4	5.884143455010226E-4	9.098594407050246E-9	7.5911889319025E-9	1.0605999882197994E-8	3.254644260471248E-4	4.437068216150838E-4
56.0	3.5208508380035877E-4	3.589092394359362E-4	2.1279700381818625E-4	5.527837190433482E-4	9.482723250831429E-9	8.072080063770077E-9	1.0893366437892781E-8	2.9172878368148635E-4	4.124413839192312E-4
57.0	3.4750005420739377E-4	3.5284316778349785E-4	2.2538525212322004E-4	5.202071462820459E-4	7.892767730867112E-9	7.131823600757303E-9	8.653711860976921E-9	2.9243567687059E-4	4.0256443154419757E-4
58.0	3.22026148478529E-4	3.1110428805410366E-4	1.7485044223012139E-4	5.344593968651157E-4	1.0014350151829508E-8	7.098015415783643E-9	1.4388852255898306E-8	2.6000105070088077E-4	3.8405124625617723E-4
59.0	3.0900987265695804E-4	3.053256065060641E-4	1.9050398437056674E-4	4.7948643033041805E-4	6.24037845981507E-9	4.3067502389967044E-9	9.140820791042621E-9	2.600476036212755E-4	3.579721416926406E-4
60.0	2.8754775151941216E-4	2.760062601859453E-4	1.530111789359339E-4	4.652341797473483E-4	7.079769454573234E-9	5.095028889384448E-9	1.0056880302356416E-8	2.353963926332925E-4	3.3969911040553183E-4
61.0	2.7550680294570874E-4	2.873851092012819E-4	1.708076574386735E-4	4.2858553539088326E-4	6.244891997611108E-9	5.2286926077540974E-9	7.26109138746812E-9	2.265268304079226E-4	3.244867754834949E-4
62.0	2.732493620615052E-4	2.840943557225298E-4	1.6415768865974366E-4	4.2553148169451114E-4	6.462595407372417E-9	7.56303757951726E-9	5.7289672926091874E-9	2.234229568962097E-4	3.2307576722680073E-4
63.0	2.4751460790304014E-4	2.3781381303584006E-4	1.4186466921212415E-4	3.7463058675497635E-4	4.709303583461953E-9	3.4834178586415237E-9	6.548132170692597E-9	2.0498078530710193E-4	2.9004843049897837E-4
64.0	2.4164018008049007E-4	2.638741168810686E-4	1.4997122173853125E-4	3.6241437196948796E-4	4.292690586811042E-9	4.074986500973436E-9	4.510394672648649E-9	2.010313138585758E-4	2.8224904630240434E-4
65.0	2.2170294889826145E-4	2.1029048395119644E-4	1.2229423994129877E-4	3.532522108803717E-4	4.42035213785995E-9	3.1695757818750885E-9	6.296516671837242E-9	1.804946672393488E-4	2.629112305571741E-4
66.0	2.2078478636465828E-4	2.2040060337192704E-4	1.5706445519913747E-4	3.705585151598135E-4	4.17241367372007E-9	2.2457438096529373E-9	7.06241846982077E-9	1.807488720264506E-4	2.6082070070286594E-4
67.0	2.098524945814363E-4	2.082684600670503E-4	1.3375811668571707E-4	3.471441034876275E-4	3.93302272280492E-9	2.3649396830417294E-9	6.285147282449704E-9	1.7098206868728462E-4	2.48722920475588E-4
68.0	2.0092308924795542E-4	1.9512530482010054E-4	1.246382450935091E-4	3.0133329804204616E-4	2.911576450330019E-9	2.1021917499455656E-9	4.125653500906701E-9	1.6747893865089614E-4	2.343672398450147E-4
69.0	1.8025730244080362E-4	1.809711376310777E-4	1.1653169256710199E-4	2.8504501166139504E-4	2.4302352417849205E-9	1.9588544299693226E-9	2.9016160536005197E-9	1.4970244733586007E-4	2.1081215754574717E-4
70.0	1.747819642159443E-4	1.7490506597863935E-4	9.930526844848691E-5	3.0845942333358105E-4	3.3460687381505478E-9	2.402421113339988E-9	4.289716362961108E-9	1.389291293705947E-4	2.106347990612939E-4
71.0	1.7517594889295503E-4	1.9310328093595443E-4	9.423867311948248E-5	2.636666357867904E-4	2.6785662292679995E-9	2.68186886232455E-9	2.6752635962114495E-9	1.430979501611826E-4	2.0725394762472746E-4
72.0	1.5613200313988558E-4	1.6883899432620098E-4	8.815875872467715E-5	2.575585283940462E-4	2.3972537896401457E-9	2.1520188984721447E-9	2.6424886808081467E-9	1.2578519085542714E-4	1.8647881542434403E-4
73.0	1.5736044176466155E-4	1.5973988684754345E-4	9.525199218528337E-5	2.585765462928369E-4	2.1653100002340245E-9	1.7626611271668355E-9	2.5679588733012137E-9	1.2851905674781636E-4	1.8620182678150674E-4
74.0	1.4964928985374486E-4	1.5266280325303204E-4	8.489848062040575E-5	2.2192790193637185E-4	1.8900832684500472E-9	1.815212988099801E-9	1.964953548800294E-9	1.2270315119886947E-4	1.7659542850862026E-4
75.0	1.394411825065189E-4	1.3446458829571696E-4	7.70122490008674E-5	2.575585283940462E-4	2.8995957734883362E-9	1.8001526962259228E-9	4.548760389381957E-9	1.0606591153618401E-4	1.7281645347685379E-4
76.0	1.3476253103215783E-4	1.2738750470120554E-4	7.782360723537195E-5	2.0258556185934862E-4	1.7539012796838588E-9	1.309760114144092E-9	2.420113027993509E-9	1.0880528318876443E-4	1.6071977887555122E-4
77.0	1.3386354834389022E-4	1.3053760241889213E-4	8.894126541185364E-5	2.300720451266974E-4	1.696494403150044E-9	9.99676196451377E-10	2.7417217131980443E-9	1.0833463747965394E-4	1.593924592081265E-4
78.0	1.1975459989896661E-4	1.2031042110669412E-4	5.2692591421646116E-5	2.056396155557207E-4	1.7479749755979766E-9	1.608543314373332E-9	1.887406636822622E-9	9.384124298355099E-5	1.4566795681438224E-4
79.0	1.2410682207509384E-4	1.366091188104685E-4	7.093233460606207E-5	1.9545943656781373E-4	1.468038380196424E-9	1.365228105479404E-9	1.5708486549134435E-9	1.0035894587244661E-4	1.4785469827774107E-4
80.0	1.1135559994443153E-4	1.1525536139632882E-4	5.9785824882252325E-5	1.9545943656781373E-4	1.348360303834089E-9	1.0787753256328118E-9	1.617945282035366E-9	8.859629208323102E-5	1.3411490780563206E-4
81.0	1.1105021085841444E-4	1.253654808170594E-4	7.194565367186297E-5	1.8935132917506956E-4	1.3525696526783007E-9	1.106348239646331E-9	1.5987910657102701E-9	8.825540535863235E-5	1.3384501635819654E-4
82.0	1.0073064710993949E-4	9.705714643901374E-5	5.9785824882252325E-5	1.791711501871626E-4	1.226311609675966E-9	7.909209342907783E-10	1.8793976227537472E-9	7.902581198103056E-5	1.224354822388484E-4
83.0	1.048744519966813E-4	1.0514524197559822E-4	5.877250581645144E-5	1.771351143895812E-4	1.254180310031288E-9	1.054232921388628E-9	1.4541276986739477E-9	8.292437436808008E-5	1.268245296252825E-4
84.0	9.706576000683787E-5	1.0110119420730598E-4	5.9785824882252325E-5	1.5779277431255797E-4	8.070422603151487E-10	6.534537842975847E-10	9.606307363327128E-10	7.945799596018312E-5	1.1467352405349261E-4
85.0	9.180729135249555E-5	8.90536831793784E-5	4.952411369523669E-5	1.6390088170530214E-4	1.1555654409432083E-9	7.389602354800478E-10	1.7804732491379491E-9	7.073783431647436E-5	1.1287674838851675E-4
86.0	8.682727902572936E-5	8.904890707645355E-5	4.2559400763637246E-5	1.4354052372948822E-4	8.189207008940687E-10	7.35435089174153E-10	9.024063126139849E-10	6.909040848847094E-5	1.0456414956298778E-4
87.0	8.439476161518116E-5	8.498420204387006E-5	4.154608169783636E-5	1.5270268481860447E-4	9.595173989311604E-10	7.215868695204435E-10	1.197447928341878E-9	6.51955896545628E-5	1.0359393357579953E-4
88.0	7.964032946714076E-5	8.189196730791784E-5	4.458603889523902E-5	1.3437836264037193E-4	5.856261661630409E-10	4.548795946059143E-10	7.163727377201675E-10	6.464119122545522E-5	9.46394677088263E-5
89.0	7.517387424729795E-5	6.881420972951968E-5	5.0665953290044346E-5	1.1060072428254121E-4	4.223871127829489E-10	2.8389824662646767E-10	6.301204120176706E-10	6.243557635288922E-5	8.791217214170667E-5
90.0	6.992535343096218E-5	7.184627730032047E-5	4.14385441123409E-5	1.180900762597208E-4	5.638421192391198E-10	4.2484347847321344E-10	7.028407600050263E-10	5.520782685456694E-5	8.464288000735742E-5
91.0	7.346521895834474E-5	6.975982400304113E-5	4.0532762632035476E-5	1.3030629104520916E-4	6.986551375034232E-10	4.4866304024120693E-10	1.0736432833967475E-9	5.708244270939002E-5	8.984799520729946E-5
92.0	6.686380182187695E-5	7.178184788718724E-5	3.343952917142927E-5	1.0892791517060452E-4	5.600729770253205E-10	5.360719670898013E-10	5.840739869608399E-10	5.2195549204266114E-5	8.153205443948778E-5
93.0	6.50521546108872E-5	5.998416011500692E-5	3.335297452944512E-5	1.0281980777786035E-4	4.200796469510329E-10	3.075576251504028E-10	5.888626796519779E-10	5.234869849954849E-5	7.775561072222591E-5
94.0	6.261388699319965E-5	5.74514535217741E-5	4.042784791447893E-5	9.976575408148826E-5	2.8214889760576145E-10	1.7934383061508613E-10	4.363564980917745E-10	5.220281978064986E-5	7.302495420574945E-5
95.0	6.241920644966316E-5	6.4749868223901E-5	3.445284823723015E-5	1.1401800466455801E-4	4.791088277903499E-10	4.512290510862388E-10	4.976953455930908E-10	4.8852539678346756E-5	7.598587322097957E-5
96.0	5.835601433551422E-5	5.6616668756091345E-5	3.546616730303104E-5	9.467566458753478E-5	3.1919096085941444E-10	2.0622846058866558E-10	4.886347112655378E-10	4.728260476466602E-5	6.942942390636243E-5
97.0	5.410039611835779E-5	5.762768069816441E-5	3.343952917142927E-5	7.940539610567433E-5	2.4435055012859506E-10	2.361106530836696E-10	2.5259044717352053E-10	4.441175806456503E-5	6.378903417215054E-5
98.0	5.522856058972056E-5	5.964970458231052E-5	2.7359614776623946E-5	1.0281980777786035E-4	5.05443115849092E-10	4.0038302482941494E-10	6.10503206868769E-10	4.129403413976227E-5	6.916308703967885E-5
99.0	5.5530815971814454E-5	5.083403399576858E-5	2.5332976645022173E-5	1.0689187937302313E-4	3.9922500943767794E-10	1.713245555815202E-10	9.309927351020463E-10	4.314670196936849E-5	6.791492997426041E-5
100.0	4.7012901670086804E-5	5.665613469591337E-5	2.6278101144411306E-5	7.431530661172084E-5	2.5869084290532377E-10	2.4424685315420577E-10	2.7313483265644176E-10	3.704401636577574E-5	5.698178697439787E-5
101.0	5.005477985924045E-5	5.4594644871945224E-5	2.229301944761951E-5	8.75495392959999E-5	3.8916290550157523E-10	3.4591310950055093E-10	4.3241270150259953E-10	3.782772699366875E-5	6.228183272481216E-5
102.0	4.43780640862555E-5	4.145148962499545E-5	2.1224620155101438E-5	7.227927081413946E-5	1.935800601863647E-10	1.4240293422884398E-10	2.703457491226458E-10	3.575450821172243E-5	5.3001619960788574E-5
103.0	4.377627066042354E-5	4.047894689971746E-5	2.1279700381818623E-5	8.347746770083711E-5	2.9919431282450886E-10	1.41289673319758E-10	6.676384716689273E-10	3.305533379769259E-5	5.449720752315449E-5
104.0	4.396561330981177E-5	4.667553501832015E-5	1.925306225021685E-5	7.635134240930223E-5	2.5893646376010383E-10	4.375883403359443E-10	1.8237137379902938E-10	3.399199651759033E-5	5.3939230102033205E-5
105.0	3.9112071102343835E-5	3.744101774805433E-5	1.7181835363653546E-5	6.617116342139527E-5	2.1081146024333985E-10	1.6107197849661213E-10	2.8542068286343144E-10	3.011288610774119E-5	4.811125609694648E-5
106.0	3.932085498048363E-5	3.841845379877627E-5	1.7181835363653546E-5	7.736936030809294E-5	2.5252328394757343E-10	1.343100872344891E-10	4.2984307901720004E-10	2.947152278173534E-5	4.917018717923192E-5
107.0	3.698751884387704E-5	4.2500614741034644E-5	1.5199785987013302E-5	6.718918132018597E-5	2.331825617595603E-10	2.084666702302701E-10	2.578984532888504E-10	2.7522878706737505E-5	4.645215898101657E-5
108.0	3.506718413330582E-5	2.9347236502295157E-5	1.5160442967929599E-5	7.126125291534876E-5	2.735041157928347E-10	1.2612571881417362E-10	6.173870420763771E-10	2.481685042542219E-5	4.531751784118945E-5
109.0	3.5460658141939475E-5	3.2253447591171427E-5	1.925306225021685E-5	6.617116342139527E-5	1.6291547915701925E-10	8.547567579248235E-11	2.7907518420382464E-10	2.7549551362672715E-5	4.337176492120624E-5
110.0	3.50636032077709E-5	3.844523425794122E-5	1.7226424118615076E-5	7.329728871293015E-5	2.535993338758185E-10	1.8098341775740424E-10	3.2621524999423287E-10	2.5193308374194026E-5	4.493389804134778E-5
111.0	3.06003711752875E-5	2.9319346320118733E-5	2.0213923957239465E-5	4.988287704074413E-5	7.314296987030232E-11	4.1546010544414896E-11	1.2053840885913345E-10	2.529955960484139E-5	3.5901182745733606E-5
112.0	3.181424870050319E-5	3.639642991463015E-5	1.5199785987013302E-5	5.4972966534697616E-5	1.6197926431482316E-10	1.5646314272335067E-10	1.6749538590629572E-10	2.39259057706362E-5	3.9702591630370177E-5
113.0	3.0300147336179096E-5	3.2352382146337914E-5	1.6171139165791573E-5	5.293693073711622E-5	1.4423747806896597E-10	1.187854347771372E-10	1.696895213607947E-10	2.2856339871247325E-5	3.7743954801110864E-5
114.0	2.7051951198258372E-5	3.136950135647795E-5	1.3139050572205653E-5	3.9702698052837166E-5	9.535606325402159E-11	1.3089653585508974E-10	7.16624148533095E-11	2.0999514890484046E-5	3.31043875060327E-5
115.0	2.6954810913435427E-5	2.9319346320118733E-5	1.1183487479069087E-5	5.4972966534697616E-5	1.6618530377873896E-10	1.74769040636191E-10	1.604628125404376E-10	1.8964707891593945E-5	3.494491393527691E-5
116.0	2.7769389281675605E-5	2.9319346320118733E-5	1.1146509723809756E-5	5.599098443348831E-5	1.560682722304395E-10	1.211926013630052E-10	1.909439430978738E-10	2.0026315766588354E-5	3.5512462796762855E-5
117.0	2.6047490663066336E-5	2.3383655638053546E-5	1.1146509723809756E-5	4.479278754679065E-5	1.4986757605113516E-10	1.0967622714815017E-10	2.1015459940561266E-10	1.8459794832591577E-5	3.3635186493541095E-5
118.0	2.3407678744163333E-5	2.3383655638053546E-5	1.3173147855411529E-5	4.1738733850418556E-5	5.6540010058254995E-11	3.269502328032574E-11	9.230749022514888E-11	1.874716264999745E-5	2.8068194838329216E-5
119.0	2.2397928821789425E-5	2.1350294278222803E-5	9.119871592207982E-6	4.072071595162786E-5	9.434494387787446E-11	6.841222281916018E-11	1.332440254659459E-10	1.6377666897244594E-5	2.8418190746334256E-5
120.0	2.523800440078112E-5	2.7316350656958234E-5	1.0106961978619732E-5	5.090089493953483E-5	1.2654911503372625E-10	9.33434684831442E-11	1.5975476158430825E-10	1.8265550884883272E-5	3.2210457916678966E-5
121.0	2.1382306102544465E-5	2.3337767509160075E-5	8.106552526407095E-6	4.1738733850418556E-5	9.388432149147648E-11	8.01370982043665E-11	1.0763154477858646E-10	1.537675858844006E-5	2.738785361664887E-5
122.0	2.097332144193785E-5	2.225776720196597E-5	6.079914394805321E-6	4.072071595162786E-5	8.155545962988778E-11	9.423853734286953E-11	7.310007448789992E-11	1.5375969802866235E-5	2.6570673081009464E-5
123.0	2.2288187783086976E-5	2.4264286609753434E-5	1.2200168158984459E-5	3.563062645767438E-5	4.462187688196678E-11	4.076974186753437E-11	4.8474011896399187E-11	1.8147905157108847E-5	2.6428470409065106E-5
124.0	1.9344873775388927E-5	1.9279025333653974E-5	1.11317103974223E-5	3.3386650802948955E-5	5.4008372697255774E-11	3.5615923351752223E-11	8.15970467155111E-11	1.4789892276482727E-5	2.3899855274295128E-5
125.0	2.0370258670416534E-5	2.1251447122351666E-5	5.053480989309866E-6	4.1738733850418556E-5	8.780361442515769E-11	9.574378437950138E-11	8.251016778892854E-11	1.4562450433433449E-5	2.617806690739962E-5
126.0	1.9960602508660034E-5	2.1231250783534256E-5	1.1117658176481705E-5	3.4612608558883685E-5	4.852985992266272E-11	3.886621527816879E-11	5.8193504567156653E-11	1.5642821714329443E-5	2.4278383302990625E-5
127.0	1.9255001655837588E-5	1.9209226899388135E-5	9.09626578075776E-6	3.868468015404647E-5	7.998635283323978E-11	3.9014260239784143E-11	1.7558790221796967E-10	1.3711757361706454E-5	2.479824594996872E-5
128.0	1.5810564937924477E-5	1.619071037753701E-5	8.085569582895787E-6	3.257657276130229E-5	5.5235396381315243E-11	3.980157638908019E-11	7.06692163735503E-11	1.1204131407106296E-5	2.041699846874266E-5
129.0	1.540767469444941E-5	1.5179605087394047E-5	5.053480989309866E-6	3.4612608558883685E-5	6.716594558526188E-11	4.0929854014929745E-11	1.0652008294076006E-10	1.0328061554058281E-5	2.0487287834840535E-5
130.0	1.4903694189371381E-5	1.5179605087394047E-5	7.074873385033813E-6	3.3594590660092984E-5	5.2664406599970305E-11	4.112788598591203E-11	6.035542034267585E-11	1.0405743718385224E-5	1.940164466035754E-5
131.0	1.53000829571554E-5	1.5178790978940945E-5	5.053480989309866E-6	2.95225190649302E-5	5.032216579837549E-11	3.559912514093799E-11	7.240672678453173E-11	1.0903292853784087E-5	1.9696873060526712E-5
132.0	1.4791395532104173E-5	1.3190912070394825E-5	3.0399571974026606E-6	2.95225190649302E-5	5.12773354573514E-11	3.4778045476126224E-11	7.602627042918912E-11	1.0353073643225887E-5	1.922971742098246E-5
133.0	1.4692520163508218E-5	1.8214549174729135E-5	5.053480989309866E-6	2.646846536855811E-5	5.142345626198917E-11	5.128344019591249E-11	5.156347232806583E-11	1.0247879012908345E-5	1.913716131410809E-5
134.0	1.2562110015359767E-5	1.420559761427135E-5	5.053480989309866E-6	2.036035797581393E-5	3.0517761345065167E-11	4.061319246151003E-11	2.3787473934101912E-11	9.138120646462685E-6	1.598609938425685E-5
135.0	1.1755213251013675E-5	1.2132143304876717E-5	6.071842034957619E-6	2.3414411672186022E-5	2.4127854747633348E-11	1.7107167327329614E-11	3.114854216793708E-11	8.710717121955398E-6	1.4799709380071952E-5
136.0	1.2064324732685984E-5	1.2132143304876717E-5	3.03208859358592E-6	2.8504501166139503E-5	5.7035380877605116E-11	4.4084943407001174E-11	6.998581834820908E-11	7.383436791499955E-6	1.6745212673872013E-5
137.0	1.276682833396243E-5	1.4166871580344882E-5	6.06417718717184E-6	2.036035797581393E-5	2.6881919826547016E-11	2.596580347713E-11	2.779803617596404E-11	9.553269820325826E-6	1.5980386847599035E-5
138.0	1.3371234318284781E-5	1.5118803558361605E-5	5.053480989309866E-6	1.9342340077023236E-5	2.3209277464096962E-11	2.6442951940572995E-11	1.997560298762093E-11	1.0385254406998121E-5	1.635721422957144E-5
139.0	1.0333684520088044E-5	1.4164033673978343E-5	3.0399571974026606E-6	1.8324322178232537E-5	3.026233593607993E-11	3.068085030260599E-11	2.984382156955385E-11	6.924054192148597E-6	1.374331484802749E-5
140.0	1.2056870525399463E-5	1.4164033673978343E-5	4.053276263203548E-6	1.6288286380651144E-5	1.6403578781070603E-11	2.0538064661322972E-11	1.226909290081823E-11	9.546571972530485E-6	1.456716907826844E-5
141.0	1.064107900396519E-5	1.0110119420730598E-5	4.042784791447893E-6	2.4432429570976717E-5	4.281955498499438E-11	2.3233403582826984E-11	7.219878208824546E-11	6.585273258735835E-6	1.4696884749194544E-5
142.0	1.0031172350905887E-5	1.2176226526518299E-5	3.03208859358592E-6	1.527026848186045E-5	1.7405277517374818E-11	1.814170901356282E-11	1.666884602118681E-11	7.445362727001855E-6	1.261698197480992E-5
143.0	1.1358100179495234E-5	9.071282135016963E-6	2.0213923957239466E-6	3.3594590660092984E-5	7.217924906526528E-11	2.5574102430288984E-11	1.8092459121354327E-10	6.092325752033277E-6	1.662387460695719E-5
144.0	8.717440750082154E-6	8.088095536584479E-6	4.031680948896428E-6	1.7306304279441843E-5	1.8686400982436945E-11	9.055313010132367E-12	4.115893958448096E-11	6.0381558078983305E-6	1.1396725692265978E-5
145.0	8.515876714214715E-6	7.083435790172441E-6	2.0213923957239466E-6	2.1308396421407023E-5	2.939147756042986E-11	1.2043464124280282E-11	6.987017557811219E-11	5.1556639204150834E-6	1.1876089508014347E-5
146.0	9.324948707720873E-6	1.0110119420730598E-5	2.026638131601774E-6	2.2396393773395324E-5	3.287567819402149E-11	2.544511349037881E-11	4.0306242897664146E-11	5.771145036298478E-6	1.2878752379143268E-5
147.0	8.410302544363952E-6	8.095355188768505E-6	3.023760711672321E-6	1.5179605087394047E-5	1.852408053597425E-11	1.4024071223913228E-11	2.5274094504065776E-11	5.742679861393239E-6	1.1077925227334664E-5
148.0	8.411321070200952E-6	8.09578937994349E-6	3.03208859358592E-6	1.6288286380651144E-5	2.2081407210209814E-11	1.4648282238382036E-11	3.3231094667951475E-11	5.498797526283374E-6	1.132384461411853E-5
149.0	8.107959545689598E-6	7.116764759407601E-6	4.042784791447893E-6	1.7306304279441843E-5	1.554538365302241E-11	8.944100067078273E-12	2.5447309031938607E-11	5.6642094389591476E-6	1.0551709652420047E-5
150.0	8.512868431389259E-6	7.055441660568749E-6	3.0399571974026606E-6	1.7249654245900925E-5	2.071465746664793E-11	1.2628229258176588E-11	3.284429977935495E-11	5.6919212832867875E-6	1.133381557949173E-5
151.0	6.4858511239705065E-6	6.100084079492229E-6	0.0	1.315231698297989E-5	1.610052147811497E-11	1.2745649103395318E-11	2.113283004019445E-11	3.998849650100286E-6	8.972852597840727E-6
152.0	6.890605155226644E-6	7.055441660568749E-6	1.0166806799153714E-6	1.6288286380651144E-5	1.59173582429978E-11	1.1887858814562227E-11	1.9946857671433377E-11	4.417790495242998E-6	9.36341981521029E-6
153.0	7.696877038644634E-6	9.099107478657537E-6	1.013319065800887E-6	1.5175750364976796E-5	1.8741237977307943E-11	1.9875839470446064E-11	1.7606636484169823E-11	5.013663670057891E-6	1.0380090407231378E-5
154.0	7.59914323180043E-6	7.082016836989172E-6	2.0213923957239466E-6	1.3234232684279055E-5	1.3846657183248934E-11	7.90419103086347E-12	2.771241153881501E-11	5.292775563037075E-6	9.905510900563784E-6
155.0	6.079041423874207E-6	6.070300145990719E-6	2.015840474448214E-6	1.0180178987906965E-5	6.194981775377705E-12	5.650440300245825E-12	7.011793988075527E-12	4.536360575860238E-6	7.621722271888176E-6
156.0	6.589102709399275E-6	4.066722719661486E-6	3.03208859358592E-6	1.4252250583069751E-5	1.597681833322418E-11	9.542906828184069E-12	2.5627685590784347E-11	4.111673693081874E-6	9.066531725716676E-6
157.0	6.891970018346975E-6	6.071516391576378E-6	3.0399571974026606E-6	1.7306304279441843E-5	1.5322426084758796E-11	6.635532238409611E-12	2.8352766854282566E-11	4.465807780424511E-6	9.318132256269438E-6
158.0	5.6757138257893985E-6	6.047521423344642E-6	1.0106961978619733E-6	1.3234232684279055E-5	1.2872495493845551E-11	9.866010312206904E-12	1.5878980675484196E-11	3.451956224584693E-6	7.899471426994105E-6
159.0	5.469531593624449E-6	6.071516391576378E-6	2.0239473449858727E-6	7.116764759407601E-6	2.9189754179061923E-12	6.596862014417109E-12	1.3427383051157995E-12	4.410591748051131E-6	6.5284714391977675E-6
160.0	4.766056537236948E-6	4.031680948896428E-6	1.0106961978619733E-6	1.6288286380651144E-5	1.9274034897346467E-11	5.143528860474459E-12	7.57960590448345E-11	2.04496976056763E-6	7.4871433139062666E-6
161.0	6.284770428919342E-6	6.070300145990719E-6	1.007920237224107E-6	1.4252250583069751E-5	1.463031442355296E-11	8.007939220589224E-12	3.008252323046834E-11	3.91403603026729E-6	8.655504827571393E-6
162.0	4.460551689986456E-6	4.0587421755061E-6	2.015840474448214E-6	1.0180178987906965E-5	5.027202766144509E-12	2.0870348826091636E-12	1.1887594494393649E-11	3.0708574017913596E-6	5.850245978181552E-6
163.0	5.166858076704932E-6	7.077083594511418E-6	0.0	8.144143190325572E-6	8.73233815293129E-12	1.3259242119005111E-11	5.714402175548743E-12	3.3352972601252354E-6	6.998418893284628E-6
164.0	4.866658066471018E-6	4.0587421755061E-6	1.013319065800887E-6	1.527026848186045E-5	1.7139003065550756E-11	7.972036949163803E-12	3.088945224013119E-11	2.300704166327452E-6	7.432611966614584E-6
165.0	3.4457663706659313E-6	3.0359210174788094E-6	1.013319065800887E-6	7.126125291534876E-6	2.7383766949972743E-12	1.7443041488916427E-12	4.2294855141557226E-12	2.4201081473039026E-6	4.47142459402796E-6
166.0	4.360931738889884E-6	4.047677594384252E-6	2.015840474448214E-6	1.2216214785488358E-5	8.734581295533223E-12	3.166953255894024E-12	2.172571338802469E-11	2.529135693885953E-6	6.192727783893815E-6
167.0	3.143315445520267E-6	3.035758195788189E-6	1.0117166909984532E-6	1.0180178987906965E-5	6.5230851089534856E-12	1.8655261634718744E-12	2.5153320890879926E-11	1.5603093256787895E-6	4.726321565361745E-6
168.0	3.2442727892288224E-6	2.033361359830743E-6	1.007920237224107E-6	8.144143190325572E-6	5.534914384985018E-12	3.2352789376996213E-12	8.984367555913115E-12	1.7860914870116241E-6	4.702454091446021E-6
169.0	2.836892371541121E-6	3.0399571974026606E-6	0.0	6.108107392744179E-6	4.286874427893357E-12	4.151327059919296E-12	4.4224217958674185E-12	1.5535975183528476E-6	4.120187224729394E-6
170.0	3.2433573759017477E-6	2.033361359830743E-6	0.0	7.126125291534876E-6	6.546276749371013E-12	4.4980397599127636E-12	9.618632233558385E-12	1.657539707934094E-6	4.829175043869401E-6
171.0	4.457809731819865E-6	5.053480989309866E-6	2.026638131601774E-6	7.126125291534876E-6	1.907693199152147E-12	2.532804417640942E-12	1.4909523868262844E-12	3.601737644092267E-6	5.313881819547463E-6
172.0	3.950852289842252E-6	4.044047768292239E-6	2.0213923957239466E-6	7.126125291534876E-6	2.7777048040152196E-12	2.9851744065997126E-12	2.6393917356255574E-12	2.9178551564916865E-6	4.983849423192818E-6
173.0	4.154898889562812E-6	3.0351500729953593E-6	1.0119736724929363E-6	9.162161089116269E-6	1.0185235556700997E-11	6.662862419208987E-12	1.5468795262939008E-11	2.1768291002322502E-6	6.132968678893375E-6
174.0	3.4462031173703752E-6	3.035758195788189E-6	1.0106961978619733E-6	1.0180178987906965E-5	6.464611895087415E-12	2.340795203238082E-12	1.6086850842735857E-11	1.8703080365934917E-6	5.0220981981472586E-6
175.0	2.3325627390229147E-6	3.0351500729953593E-6	0.0	7.126125291534876E-6	3.738209848871596E-12	2.4829614609016267E-12	4.993458236841567E-12	1.1342010675970833E-6	3.530924410448746E-6
176.0	3.4440989425653843E-6	4.031680948896428E-6	1.0106961978619733E-6	5.083403399576858E-6	2.0931010929716013E-12	2.4633721929389705E-12	1.722829993004232E-12	2.5473906756937273E-6	4.340807209437041E-6
177.0	2.8380206182924854E-6	3.0399571974026606E-6	0.0	6.108107392744179E-6	3.4614579447372295E-12	3.205583132829826E-12	3.717332756644634E-12	1.6848711552781483E-6	3.991170081306823E-6
178.0	3.0417077789845247E-6	3.0351500729953593E-6	0.0	8.144143190325572E-6	5.173985937036213E-12	3.2600776005971745E-12	8.044848441694772E-12	1.6318714631053261E-6	4.4515440948637235E-6
179.0	1.925118892709417E-6	2.036035797581393E-6	0.0	4.047894689971745E-6	1.7336917016206884E-12	2.272252598239806E-12	1.3746511038746101E-12	1.1090214695456118E-6	2.7412163158732225E-6
180.0	2.3306679106152486E-6	2.0239473449858727E-6	0.0	5.073427719382625E-6	1.8629768001469966E-12	1.0912015905010528E-12	3.6637856226541986E-12	1.484688497423373E-6	3.176647323807124E-6
181.0	3.041396262485877E-6	3.0330358262191793E-6	0.0	8.144143190325572E-6	5.381904532177201E-12	2.312316828674211E-12	1.7660255346189163E-11	1.6035115504587994E-6	4.479280974512955E-6
182.0	3.6465084464461946E-6	3.0500420397461146E-6	0.0	9.105450218986078E-6	5.9940767453845644E-12	3.654566437249262E-12	9.503342207587514E-12	2.1290485548816982E-6	5.1639683380106906E-6
183.0	3.0412626653868285E-6	3.035758195788189E-6	0.0	6.108107392744179E-6	4.328194061406091E-12	3.2585097178760543E-12	5.932720576701144E-12	1.7517980359263056E-6	4.3307272948473514E-6
184.0	2.026718548070112E-6	1.014685543876525E-6	0.0	6.071516391576378E-6	5.537868108404613E-12	2.6406100375599617E-12	1.2298136940375467E-11	5.681482163669348E-7	3.485288879773289E-6
185.0	2.6340021391667595E-6	2.0234333819969064E-6	0.0	6.108107392744179E-6	3.954189869308984E-12	2.594320406251237E-12	5.993994063895605E-12	1.40150809042099E-6	3.866496187912529E-6
186.0	2.0294215811498366E-6	1.0119736724929363E-6	0.0	8.144143190325572E-6	6.614786978431543E-12	2.649514587781528E-12	1.5867089223281576E-11	4.3532730362599433E-7	3.623515858673679E-6
187.0	1.620815391393865E-6	1.014685543876525E-6	0.0	4.072071595162786E-6	2.91875109783271E-12	1.8745706284619897E-12	4.485021801888791E-12	5.619162357877169E-7	2.679714547000013E-6
188.0	2.3312608918688116E-6	2.0234333819969064E-6	0.0	7.083435790172441E-6	5.365274649443798E-12	2.328133281796468E-12	1.2451937840620903E-11	8.955994034495083E-7	3.7669223802881146E-6
189.0	2.0270666914167063E-6	2.026638131601774E-6	0.0	5.058583454992266E-6	2.0544089039302006E-12	1.372559288139044E-12	3.0771833276169356E-12	1.1386851717227036E-6	2.915448211110709E-6
190.0	1.4207874098682306E-6	1.013319065800887E-6	0.0	4.072071595162786E-6	2.1071356591082705E-12	1.4018395349707397E-12	3.1650798453145667E-12	5.210778818520863E-7	2.3204969378843747E-6
191.0	1.8255612876075236E-6	2.0220238841461196E-6	0.0	5.090089493953483E-6	2.6461904921573826E-12	2.665091267965875E-12	2.6335899749517213E-12	8.173150183522489E-7	2.8338075568627985E-6
192.0	1.3152127707713314E-6	1.0180178987906965E-6	0.0	4.044047768292239E-6	1.4407625792748814E-12	9.102959048624242E-13	2.236462590893567E-12	5.712481530278273E-7	2.0591773885148354E-6
193.0	1.21564653625015E-6	1.0119736724929363E-6	0.0	3.0330358262191793E-6	9.848991131826026E-13	7.597302544240304E-13	1.322652401320461E-12	6.005377301676583E-7	1.830755342332642E-6
194.0	1.521056125398739E-6	2.0213923957239466E-6	0.0	4.072071595162786E-6	1.909205241915634E-12	2.313611736613024E-12	1.6396009121173744E-12	6.646448423493446E-7	2.3774674084481334E-6
195.0	1.2147130488421721E-6	1.0166806799153714E-6	0.0	2.0239473449858727E-6	3.6651683543485235E-13	2.452503244908588E-13	6.494720276375041E-13	8.394783123096213E-7	1.589947785374723E-6
196.0	1.5200146866681957E-6	2.023838797192126E-6	0.0	3.0500420397461146E-6	1.4894162298640084E-12	1.489821223700554E-12	1.4890112360274624E-12	7.635927548969405E-7	2.276436618439451E-6
197.0	1.3169068768825613E-6	1.0117166909984532E-6	0.0	4.072071595162786E-6	1.6610083822095235E-12	7.965990238470578E-13	3.677963551721944E-12	5.18099653511609E-7	2.1157141002535134E-6
198.0	1.0140933407325886E-6	1.0117166909984532E-6	0.0	3.0540536963720896E-6	1.0314394347568328E-12	6.855930673193951E-13	1.5502089859129893E-12	3.8461913692739314E-7	1.643567544537784E-6
199.0	1.318708937777814E-6	1.0117166909984532E-6	0.0	4.072071595162786E-6	1.6649098358960644E-12	7.991295085996654E-13	3.6850639329209954E-12	5.189641268800927E-7	2.118453748675535E-6
200.0	1.3159897664054593E-6	1.0166806799153714E-6	0.0	3.0440566316295747E-6	1.2402262665819555E-12	9.116156919077008E-13	1.7331421285933372E-12	6.257395780171302E-7	2.0062399547937887E-6
201.0	1.6206248811780291E-6	2.023838797192126E-6	0.0	4.0587421755061E-6	2.0940662313307513E-12	1.7250902362540742E-12	2.463042226407428E-12	7.237099000187102E-7	2.517539862337348E-6
202.0	1.112529603976287E-6	1.0119736724929363E-6	0.0	3.0351500729953593E-6	1.1111733470236546E-12	4.703074569150527E-13	3.674636907458063E-12	4.591779735408782E-7	1.765881234411696E-6
203.0	6.072302858680832E-7	1.007920237224107E-6	0.0	2.0234333819969064E-6	4.505386113758579E-13	3.6872862007543404E-13	5.323486026762817E-13	1.912027471808594E-7	1.023257824555307E-6
204.0	1.2171569373363137E-6	2.0213923957239466E-6	0.0	3.0540536963720896E-6	1.1952092481318413E-12	1.1932149540426338E-12	1.197203542221049E-12	5.395496876980531E-7	1.8947641869745745E-6
205.0	1.217093696502887E-6	1.0110119420730598E-6	0.0	4.072071595162786E-6	1.612288171095141E-12	1.0017229802037246E-12	2.528135957432265E-12	4.300888529295395E-7	2.0040985400762345E-6
206.0	1.01258076675881E-6	1.014685543876525E-6	0.0	2.036035797581393E-6	8.199740090528252E-13	8.202559210805771E-13	8.196920970250735E-13	4.51331076052674E-7	1.573830457464946E-6
207.0	6.085572080723103E-7	0.0	0.0	2.036035797581393E-6	6.589678391051658E-13	3.703418754967652E-13	1.0919067845177666E-12	1.0541797776856982E-7	1.1116964383760507E-6
208.0	9.118827408476724E-7	1.007920237224107E-6	0.0	4.046866763993813E-6	1.5279576530665497E-12	8.315301330558632E-13	2.2243851730772365E-12	1.4573640234435124E-7	1.6780290793509935E-6
209.0	9.125627379918778E-7	1.0119736724929363E-6	0.0	2.036035797581393E-6	5.046052277242174E-13	8.327707507712327E-13	3.639628607040681E-13	4.7227971051689624E-7	1.3528457654668595E-6
210.0	1.3159736646153148E-6	1.011919398596063E-6	0.0	3.0359210174788094E-6	1.237556386616717E-12	9.122305021296865E-13	1.7255452133472627E-12	6.264668397885565E-7	2.005480489442073E-6
211.0	9.126874927809969E-7	1.0110119420730598E-6	0.0	3.0540536963720896E-6	1.3285217964924314E-12	8.329984594788623E-13	1.8240451335060005E-12	1.9828919117290075E-7	1.627085794389093E-6
212.0	1.3163921500865432E-6	1.0119736724929363E-6	0.0	3.0540536963720896E-6	1.0384015997025327E-12	5.61207839761047E-13	2.151853706232666E-12	6.847970594297799E-7	1.9479872407433063E-6
213.0	5.063505091673493E-7	0.0	0.0	2.023838797192126E-6	4.611890561426094E-13	2.563908381340339E-13	7.683863831554728E-13	8.543437998275176E-8	9.27266638351947E-7
214.0	9.116418841514821E-7	1.011919398596063E-6	0.0	3.0440566316295747E-6	1.3242394604968528E-12	8.310909249392642E-13	1.8173879960544412E-12	1.983959019374419E-7	1.6248878663655224E-6
215.0	5.071408006728712E-7	0.0	0.0	2.0220238841461196E-6	4.616249471109558E-13	2.571917917071209E-13	7.68274680216708E-13	8.602580487938866E-8	9.282557964663537E-7
216.0	9.102124128080177E-7	1.011919398596063E-6	0.0	3.023760711672321E-6	9.060341792522629E-13	8.284866364297932E-13	9.57732541133909E-13	3.2024454054585007E-7	1.5001802850701852E-6
217.0	3.039721300675865E-7	0.0	0.0	1.014685543876525E-6	2.155982386334183E-13	9.239905585782569E-14	5.030629984431344E-13	1.6180157710097012E-8	5.91764102425076E-7
218.0	7.093689476145684E-7	0.0	0.0	3.0359210174788094E-6	1.0360330665537603E-12	5.032043038398003E-13	1.835276210624701E-12	7.849458385638516E-8	1.3402433113727517E-6
219.0	4.0520997208245624E-7	0.0	0.0	2.02937108775305E-6	4.5221116069165465E-13	1.6419512147506497E-13	1.124248585530364E-12	-1.158906761330174E-8	8.220090117782142E-7
220.0	6.086398289924734E-7	1.0106961978619733E-6	0.0	2.036035797581393E-6	4.542399624792038E-13	3.704424414359872E-13	5.380374835224204E-13	1.9090687124792235E-7	1.0263727867370245E-6
221.0	4.0550565872832865E-7	0.0	0.0	1.0166806799153714E-6	2.466539341921925E-13	1.6443483926069574E-13	3.699825765894375E-13	9.768334738739828E-8	7.13327970069259E-7
222.0	5.066634079593035E-7	1.007920237224107E-6	0.0	1.0180178987906965E-6	2.567147495616182E-13	2.5670780896493563E-13	2.5672169015830076E-13	1.9262592899924175E-7	8.207008869193654E-7
223.0	5.061547898102256E-7	1.007920237224107E-6	0.0	1.0180178987906965E-6	2.561979180304507E-13	2.5619267124783364E-13	2.562031648130677E-13	1.9243358843776826E-7	8.198759911826829E-7
224.0	6.082480375874151E-7	0.0	0.0	2.036035797581393E-6	6.587198451321456E-13	3.699656752289415E-13	1.0918510999869516E-12	1.0520349114449315E-7	1.111292584030337E-6
225.0	4.0590214121473893E-7	0.0	0.0	2.036035797581393E-6	4.544112147438982E-13	1.647565482427099E-13	1.130272103246671E-12	-1.1909553518685044E-8	8.237138359481629E-7
226.0	8.126402348752992E-7	0.0	0.0	4.072071595162786E-6	1.614097243113964E-12	6.603841513381815E-13	3.044666880777637E-12	2.5193984700304476E-8	1.600086485050294E-6
227.0	1.011919398596063E-7	0.0	0.0	1.011919398596063E-6	9.215827823295161E-14	1.0239808692550178E-14	8.294245040965646E-13	-8.696630249498915E-8	2.8935018221420177E-7
228.0	6.082230836514668E-7	1.007920237224107E-6	0.0	2.033361359830743E-6	4.5335948879212176E-13	3.699353194864993E-13	5.36783658097744E-13	1.9089517754599031E-7	1.0255509897569433E-6
229.0	2.023838797192126E-7	0.0	0.0	2.023838797192126E-6	3.6863311293180645E-13	4.095923477020071E-14	3.3176980163862585E-12	-1.739326049899783E-7	5.787003644284035E-7
230.0	1.0110119420730598E-7	0.0	0.0	1.0110119420730598E-6	9.199306323129061E-14	1.0221451470143401E-14	8.279375690816154E-13	-8.68883139332618E-8	2.8909070234787374E-7
231.0	3.0385786149655246E-7	0.0	0.0	1.014685543876525E-6	2.1543623360932778E-13	9.232959999325807E-14	5.026850453801571E-13	1.6174035911311516E-8	5.915416870817934E-7
232.0	2.027692621988431E-7	0.0	0.0	1.0166806799153714E-6	1.64463101500089E-13	4.1115373692663186E-14	6.578540127297924E-13	-4.858734716775818E-8	4.541258715654444E-7
233.0	3.0430536555900365E-7	0.0	0.0	1.0180178987906965E-6	2.1607290791386784E-13	9.260175550799884E-14	5.041722635275619E-13	1.6196760508423002E-8	5.924139706095843E-7
234.0	2.0198939097170437E-7	0.0	0.0	1.0119736724929363E-6	1.6319967777735407E-13	4.0799714065120046E-14	6.527995326262902E-13	-4.839988239069096E-8	4.523786643340997E-7
235.0	4.0589671382505153E-7	0.0	0.0	2.036035797581393E-6	4.544046362362499E-13	1.647521422939758E-13	1.1302604554348894E-12	-1.1911956569086822E-8	8.237053842191899E-7
236.0	5.075218055813565E-7	0.0	0.0	2.033361359830743E-6	6.691058507525423E-13	2.575783831405603E-13	1.6293366085138335E-12	5.270288576740478E-10	1.014516582305039E-6
237.0	1.014685543876525E-7	0.0	0.0	1.014685543876525E-6	9.26628077656799E-14	1.0295867529519991E-14	8.339652698911192E-13	-8.720403034914381E-8	2.901411391244488E-7
238.0	4.051328711582947E-7	0.0	0.0	1.0166806799153714E-6	2.4620098510977657E-13	1.6413264329296344E-13	3.6930349783499616E-13	9.759332827027563E-8	7.126724140463137E-7
239.0	4.0475322578086005E-7	0.0	0.0	1.0166806799153714E-6	2.4574170879883205E-13	1.6382517378001188E-13	3.6861651132706234E-13	9.750066704105177E-8	7.120057845206683E-7
240.0	2.0198396358201703E-7	0.0	0.0	1.011919398596063E-6	1.6319088584179024E-13	4.079752154430158E-14	6.52764343031745E-13	-4.8398565171452775E-8	4.5236649233548683E-7
241.0	1.0133190658008869E-7	0.0	0.0	1.013319065800887E-6	9.24133976204024E-14	1.0268155291155822E-14	8.317205785836215E-13	-8.708659259091572E-8	2.8975040575109307E-7
242.0	2.025697485949585E-7	0.0	0.0	1.014685543876525E-6	1.6413868695080922E-13	4.103450304582468E-14	6.565554225707474E-13	-4.853882947242426E-8	4.5367832666234126E-7
243.0	3.0406236798913283E-7	0.0	0.0	1.0180178987906965E-6	2.1573111635445356E-13	9.245392362715882E-14	5.03377899384808E-13	1.6181723174781205E-8	5.919430128034844E-7
244.0	1.0110119420730598E-7	0.0	0.0	1.0110119420730598E-6	9.199306323129061E-14	1.0221451470143401E-14	8.279375690816154E-13	-8.68883139332618E-8	2.8909070234787374E-7
245.0	3.0346480316675765E-7	0.0	0.0	1.011919398596063E-6	2.148787811503828E-13	9.209088676103897E-14	5.013838680588518E-13	1.6153417094553656E-8	5.907761892389616E-7
246.0	3.047955196177456E-7	0.0	0.0	2.036035797581393E-6	4.2404195504974023E-13	9.290030877905154E-14	1.748608540132495E-12	-9.881314908488293E-8	7.084041883203741E-7
247.0	3.0359210174788094E-7	0.0	0.0	3.0359210174788094E-6	8.295134781932612E-13	9.216816424369568E-14	7.465621303739351E-12	-2.6091290069472203E-7	8.680971041904839E-7
248.0	1.014685543876525E-7	0.0	0.0	1.014685543876525E-6	9.26628077656799E-14	1.0295867529519991E-14	8.339652698911192E-13	-8.720403034914381E-8	2.901411391244488E-7
249.0	2.0243310078739467E-7	0.0	0.0	1.013319065800887E-6	1.639169073185927E-13	4.0979160294399494E-14	6.556678954153657E-13	-4.850577447012806E-8	4.5337197604491737E-7
250.0	0.0	0.0	0.0	0.0	0.0	0.0	0.0	0.0	0.0
251.0	2.027692621988431E-7	0.0	0.0	1.0166806799153714E-6	1.64463101500089E-13	4.1115373692663186E-14	6.578540127297924E-13	-4.858734716775818E-8	4.541258715654444E-7
252.0	3.0385786149655246E-7	0.0	0.0	1.014685543876525E-6	2.1543623360932778E-13	9.232959999325807E-14	5.026850453801571E-13	1.6174035911311516E-8	5.915416870817934E-7
253.0	0.0	0.0	0.0	0.0	0.0	0.0	0.0	0.0	0.0
254.0	0.0	0.0	0.0	0.0	0.0	0.0	0.0	0.0	0.0
255.0	2.022931340669123E-7	0.0	0.0	1.011919398596063E-6	1.6369008953632205E-13	4.092251209061376E-14	6.547603993191554E-13	-4.847206446803889E-8	4.530583326018635E-7
256.0	2.0297345897891494E-7	0.0	0.0	1.0180178987906965E-6	1.6479488546044319E-13	4.1198225049865256E-14	6.591815271027546E-13	-4.863656307601805E-8	4.545834810338479E-7
257.0	6.088701728039665E-7	0.0	0.0	3.0540536963720896E-6	8.689711786134919E-13	3.707228873303321E-13	1.6163436155382322E-12	3.109515778846847E-8	1.1866451878194645E-6
258.0	1.0110119420730598E-7	0.0	0.0	1.0110119420730598E-6	9.199306323129061E-14	1.0221451470143401E-14	8.279375690816154E-13	-8.68883139332618E-8	2.8909070234787374E-7
259.0	2.02937108775305E-7	0.0	0.0	2.02937108775305E-6	3.706512310627196E-13	4.1183470118079964E-14	3.335861079564477E-12	-1.7440806069828762E-7	5.802822782488976E-7
260.0	2.0299372973867593E-7	0.0	0.0	1.0180178987906965E-6	1.6482767683810562E-13	4.120645431321861E-14	6.593125669376539E-13	-4.8641324127288143E-8	4.5462878360464004E-7
261.0	1.0079202372241071E-7	0.0	0.0	1.007920237224107E-6	9.143128841453102E-14	1.0159032046059003E-14	8.228815957307792E-13	-8.662260686262722E-8	2.8820665430744866E-7
262.0	0.0	0.0	0.0	0.0	0.0	0.0	0.0	0.0	0.0
263.0	1.0119736724929364E-7	0.0	0.0	1.0119736724929363E-6	9.216816424369567E-14	1.024090713818841E-14	8.29513478193261E-13	-8.697096689824064E-8	2.893657013968279E-7
264.0	0.0	0.0	0.0	0.0	0.0	0.0	0.0	0.0	0.0
265.0	2.0264022348749783E-7	0.0	0.0	1.014685543876525E-6	1.642526814046228E-13	4.106306017506307E-14	6.570111663228618E-13	-4.855553700300068E-8	4.5383598397799634E-7
266.0	3.0358124696850625E-7	0.0	0.0	2.023838797192126E-6	4.198398455729381E-13	9.21615735109532E-14	1.7305529338208778E-12	-9.802263134356868E-8	7.051851252805811E-7
267.0	0.0	0.0	0.0	0.0	0.0	0.0	0.0	0.0	0.0
268.0	2.0229856145659965E-7	0.0	0.0	1.0119736724929363E-6	1.6369887811590847E-13	4.0924707967409634E-14	6.547955587099039E-13	-4.847336882469679E-8	4.530704917378961E-7
269.0	0.0	0.0	0.0	0.0	0.0	0.0	0.0	0.0	0.0
270.0	1.0110119420730598E-7	0.0	0.0	1.0110119420730598E-6	9.199306323129061E-14	1.0221451470143401E-14	8.279375690816154E-13	-8.68883139332618E-8	2.8909070234787374E-7
271.0	1.011919398596063E-7	0.0	0.0	1.011919398596063E-6	9.215827823295161E-14	1.0239808692550178E-14	8.294245040965646E-13	-8.696630249498915E-8	2.8935018221420177E-7
272.0	0.0	0.0	0.0	0.0	0.0	0.0	0.0	0.0	0.0
273.0	0.0	0.0	0.0	0.0	0.0	0.0	0.0	0.0	0.0
274.0	0.0	0.0	0.0	0.0	0.0	0.0	0.0	0.0	0.0
275.0	1.011919398596063E-7	0.0	0.0	1.011919398596063E-6	9.215827823295161E-14	1.0239808692550178E-14	8.294245040965646E-13	-8.696630249498915E-8	2.8935018221420177E-7
276.0	0.0	0.0	0.0	0.0	0.0	0.0	0.0	0.0	0.0
277.0	1.0180178987906966E-7	0.0	0.0	1.0180178987906965E-6	9.327243980324021E-14	1.0363604422582248E-14	8.39451958229162E-13	-8.749041934997588E-8	2.910939991081152E-7
278.0	0.0	0.0	0.0	0.0	0.0	0.0	0.0	0.0	0.0
279.0	3.0305358336821436E-7	0.0	0.0	1.011919398596063E-6	2.142976134310415E-13	9.184147439231525E-14	5.000286045214028E-13	1.613099594145058E-8	5.899761707949781E-7
280.0	2.0236360895945162E-7	0.0	0.0	1.011919398596063E-6	1.6380412297889386E-13	4.095103023109385E-14	6.552164939700941E-13	-4.848892119237255E-8	4.532161391112758E-7
281.0	0.0	0.0	0.0	0.0	0.0	0.0	0.0	0.0	0.0
282.0	0.0	0.0	0.0	0.0	0.0	0.0	0.0	0.0	0.0
283.0	1.0110119420730598E-7	0.0	0.0	1.0110119420730598E-6	9.199306323129061E-14	1.0221451470143401E-14	8.279375690816154E-13	-8.68883139332618E-8	2.8909070234787374E-7
284.0	0.0	0.0	0.0	0.0	0.0	0.0	0.0	0.0	0.0
285.0	1.014685543876525E-7	0.0	0.0	1.014685543876525E-6	9.26628077656799E-14	1.0295867529519991E-14	8.339652698911192E-13	-8.720403034914381E-8	2.901411391244488E-7
286.0	2.0299372973867593E-7	0.0	0.0	1.0180178987906965E-6	1.6482767683810562E-13	4.120645431321861E-14	6.593125669376539E-13	-4.8641324127288143E-8	4.5462878360464004E-7
287.0	1.0180178987906966E-7	0.0	0.0	1.0180178987906965E-6	9.327243980324021E-14	1.0363604422582248E-14	8.39451958229162E-13	-8.749041934997588E-8	2.910939991081152E-7
288.0	0.0	0.0	0.0	0.0	0.0	0.0	0.0	0.0	0.0
289.0	1.0180178987906966E-7	0.0	0.0	1.0180178987906965E-6	9.327243980324021E-14	1.0363604422582248E-14	8.39451958229162E-13	-8.749041934997588E-8	2.910939991081152E-7
290.0	0.0	0.0	0.0	0.0	0.0	0.0	0.0	0.0	0.0
291.0	1.0180178987906966E-7	0.0	0.0	1.0180178987906965E-6	9.327243980324021E-14	1.0363604422582248E-14	8.39451958229162E-13	-8.749041934997588E-8	2.910939991081152E-7
292.0	0.0	0.0	0.0	0.0	0.0	0.0	0.0	0.0	0.0
293.0	0.0	0.0	0.0	0.0	0.0	0.0	0.0	0.0	0.0
294.0	0.0	0.0	0.0	0.0	0.0	0.0	0.0	0.0	0.0
295.0	1.0180178987906966E-7	0.0	0.0	1.0180178987906965E-6	9.327243980324021E-14	1.0363604422582248E-14	8.39451958229162E-13	-8.749041934997588E-8	2.910939991081152E-7
296.0	0.0	0.0	0.0	0.0	0.0	0.0	0.0	0.0	0.0
297.0	1.0119736724929364E-7	0.0	0.0	1.0119736724929363E-6	9.216816424369567E-14	1.024090713818841E-14	8.29513478193261E-13	-8.697096689824064E-8	2.893657013968279E-7
298.0	0.0	0.0	0.0	0.0	0.0	0.0	0.0	0.0	0.0
299.0	0.0	0.0	0.0	0.0	0.0	0.0	0.0	0.0	0.0
300.0	0.0	0.0	0.0	0.0	0.0	0.0	0.0	0.0	0.0
301.0	0.0	0.0	0.0	0.0	0.0	0.0	0.0	0.0	0.0
302.0	0.0	0.0	0.0	0.0	0.0	0.0	0.0	0.0	0.0
303.0	0.0	0.0	0.0	0.0	0.0	0.0	0.0	0.0	0.0
304.0	0.0	0.0	0.0	0.0	0.0	0.0	0.0	0.0	0.0
305.0	1.0180178987906966E-7	0.0	0.0	1.0180178987906965E-6	9.327243980324021E-14	1.0363604422582248E-14	8.39451958229162E-13	-8.749041934997588E-8	2.910939991081152E-7
306.0	0.0	0.0	0.0	0.0	0.0	0.0	0.0	0.0	0.0
307.0	1.0110119420730598E-7	0.0	0.0	1.0110119420730598E-6	9.199306323129061E-14	1.0221451470143401E-14	8.279375690816154E-13	-8.68883139332618E-8	2.8909070234787374E-7
308.0	0.0	0.0	0.0	0.0	0.0	0.0	0.0	0.0	0.0
309.0	1.0180178987906966E-7	0.0	0.0	1.0180178987906965E-6	9.327243980324021E-14	1.0363604422582248E-14	8.39451958229162E-13	-8.749041934997588E-8	2.910939991081152E-7
310.0	0.0	0.0	0.0	0.0	0.0	0.0	0.0	0.0	0.0
311.0	0.0	0.0	0.0	0.0	0.0	0.0	0.0	0.0	0.0
312.0	0.0	0.0	0.0	0.0	0.0	0.0	0.0	0.0	0.0
313.0	0.0	0.0	0.0	0.0	0.0	0.0	0.0	0.0	0.0
314.0	0.0	0.0	0.0	0.0	0.0	0.0	0.0	0.0	0.0
315.0	0.0	0.0	0.0	0.0	0.0	0.0	0.0	0.0	0.0
316.0	0.0	0.0	0.0	0.0	0.0	0.0	0.0	0.0	0.0
317.0	0.0	0.0	0.0	0.0	0.0	0.0	0.0	0.0	0.0
318.0	0.0	0.0	0.0	0.0	0.0	0.0	0.0	0.0	0.0
319.0	0.0	0.0	0.0	0.0	0.0	0.0	0.0	0.0	0.0
320.0	0.0	0.0	0.0	0.0	0.0	0.0	0.0	0.0	0.0
321.0	0.0	0.0	0.0	0.0	0.0	0.0	0.0	0.0	0.0
322.0	0.0	0.0	0.0	0.0	0.0	0.0	0.0	0.0	0.0
323.0	0.0	0.0	0.0	0.0	0.0	0.0	0.0	0.0	0.0
324.0	0.0	0.0	0.0	0.0	0.0	0.0	0.0	0.0	0.0
325.0	0.0	0.0	0.0	0.0	0.0	0.0	0.0	0.0	0.0
326.0	0.0	0.0	0.0	0.0	0.0	0.0	0.0	0.0	0.0
327.0	0.0	0.0	0.0	0.0	0.0	0.0	0.0	0.0	0.0
328.0	0.0	0.0	0.0	0.0	0.0	0.0	0.0	0.0	0.0
329.0	0.0	0.0	0.0	0.0	0.0	0.0	0.0	0.0	0.0
330.0	1.0117166909984532E-7	0.0	0.0	1.0117166909984532E-6	9.212135965603736E-14	1.0235706628448597E-14	8.290922369043363E-13	-8.694888141355104E-8	2.8929221961324166E-7
331.0	0.0	0.0	0.0	0.0	0.0	0.0	0.0	0.0	0.0
332.0	0.0	0.0	0.0	0.0	0.0	0.0	0.0	0.0	0.0
333.0	0.0	0.0	0.0	0.0	0.0	0.0	0.0	0.0	0.0
334.0	0.0	0.0	0.0	0.0	0.0	0.0	0.0	0.0	0.0
335.0	0.0	0.0	0.0	0.0	0.0	0.0	0.0	0.0	0.0
336.0	0.0	0.0	0.0	0.0	0.0	0.0	0.0	0.0	0.0
337.0	0.0	0.0	0.0	0.0	0.0	0.0	0.0	0.0	0.0
338.0	0.0	0.0	0.0	0.0	0.0	0.0	0.0	0.0	0.0
339.0	0.0	0.0	0.0	0.0	0.0	0.0	0.0	0.0	0.0
340.0	0.0	0.0	0.0	0.0	0.0	0.0	0.0	0.0	0.0
341.0	1.0110119420730598E-7	0.0	0.0	1.0110119420730598E-6	9.199306323129061E-14	1.0221451470143401E-14	8.279375690816154E-13	-8.68883139332618E-8	2.8909070234787374E-7
