0	0.0
1	0.27953266983989616
2	0.2596976265483648
3	0.06482406370184045
4	0.059758893872054415
5	0.06467746697023985
6	0.03438249412602062
7	0.028523679921707235
8	0.02119081030585133
9	0.023441322888905963
10	0.017503649753110882
11	0.01336254483837963
12	0.012769080828382745
13	0.010450830445209218
14	0.010591361105157375
15	0.008266033638389337
16	0.007611908911868067
17	0.006575621671243181
18	0.006401727617206614
19	0.005274449301795153
20	0.005000465065493354
21	0.004283657598563554
22	0.004065279019075774
23	0.003521354594240467
24	0.003378801910408166
25	0.0030512340411764944
26	0.0027165890883503116
27	0.0024810233058472886
28	0.0022697218099540194
29	0.002198950974008905
30	0.0019077795346918638
31	0.001825887567383946
32	0.001659070596941891
33	0.0015761676176919
34	0.001472033387658375
35	0.0012799411186644937
36	0.0012819631425486399
37	0.0011313223631797538
38	0.0010736946824815895
39	9.948357509998909E-4
40	9.291199747651419E-4
41	8.826134254297812E-4
42	8.098205656005209E-4
43	8.077985417163748E-4
44	7.2691758635053E-4
45	6.682788937102925E-4
46	6.025631174755436E-4
47	5.884089502865208E-4
48	5.661666875609135E-4
49	5.449354367773792E-4
50	5.055059710365299E-4
51	4.903407919054339E-4
52	4.418122186859271E-4
53	4.39790194801781E-4
54	4.044047768292239E-4
55	3.953056693505664E-4
56	3.589092394359362E-4
57	3.5284316778349785E-4
58	3.0835864233228323E-4
59	3.053256065060641E-4
60	2.760062601859453E-4
61	2.901604273749682E-4
62	2.840943557225298E-4
63	2.2444465114021927E-4
64	2.638741168810686E-4
65	2.1029048395119644E-4
66	2.2040060337192704E-4
67	2.082684600670503E-4
68	1.9512530482010054E-4
69	1.809711376310777E-4
70	1.7490506597863935E-4
71	1.9310328093595443E-4
72	1.6883899432620098E-4
73	1.5973988684754345E-4
74	1.5266280325303204E-4
75	1.3446458829571696E-4
76	1.2738750470120554E-4
77	1.4457470771644755E-4
78	1.2031042110669412E-4
79	1.4255268383230144E-4
80	1.1525536139632882E-4
81	1.253654808170594E-4
82	9.705714643901374E-5
83	1.0514524197559822E-4
84	1.0110119420730598E-4
85	8.391399119206397E-5
86	9.80681583810868E-5
87	8.896905090242927E-5
88	8.189196730791784E-5
89	6.470476429267583E-5
90	7.380387177133337E-5
91	6.975982400304113E-5
92	7.178184788718724E-5
93	5.8638692640237466E-5
94	5.4594644871945224E-5
95	6.369375235060277E-5
96	5.6616668756091345E-5
97	5.762768069816441E-5
98	5.964970458231052E-5
99	5.055059710365299E-5
100	5.762768069816441E-5
101	5.4594644871945224E-5
102	4.145148962499545E-5
103	5.1561609045726046E-5
104	4.549553739328769E-5
105	4.650654933536075E-5
106	3.841845379877627E-5
107	4.549553739328769E-5
108	2.7297322435972612E-5
109	3.639642991463015E-5
110	3.2352382146337914E-5
111	2.9319346320118733E-5
112	3.639642991463015E-5
113	3.2352382146337914E-5
114	2.7297322435972612E-5
115	2.9319346320118733E-5
116	2.9319346320118733E-5
117	2.2242262725607317E-5
118	2.8308334378045673E-5
119	1.9209226899388135E-5
120	3.0330358262191793E-5
121	2.4264286609753434E-5
122	2.7297322435972612E-5
123	2.4264286609753434E-5
124	1.5165179131095897E-5
125	2.2242262725607317E-5
126	2.1231250783534256E-5
127	1.9209226899388135E-5
128	1.4154167189022836E-5
129	1.4154167189022836E-5
130	1.0110119420730598E-5
131	2.2242262725607317E-5
132	2.2242262725607317E-5
133	2.1231250783534256E-5
134	1.9209226899388135E-5
135	1.2132143304876717E-5
136	1.2132143304876717E-5
137	1.8198214957315075E-5
138	1.3143155246949777E-5
139	1.5165179131095897E-5
140	1.1121131362803658E-5
141	1.0110119420730598E-5
142	7.077083594511418E-6
143	1.0110119420730598E-5
144	8.088095536584479E-6
145	9.099107478657537E-6
146	1.0110119420730598E-5
147	7.077083594511418E-6
148	4.044047768292239E-6
149	1.0110119420730598E-5
150	1.1121131362803658E-5
151	5.055059710365299E-6
152	4.044047768292239E-6
153	9.099107478657537E-6
154	1.3143155246949777E-5
155	6.0660716524383585E-6
156	3.0330358262191793E-6
157	9.099107478657537E-6
158	5.055059710365299E-6
159	7.077083594511418E-6
160	2.0220238841461196E-6
161	6.0660716524383585E-6
162	5.055059710365299E-6
163	7.077083594511418E-6
164	8.088095536584479E-6
165	3.0330358262191793E-6
166	2.0220238841461196E-6
167	3.0330358262191793E-6
168	5.055059710365299E-6
169	2.0220238841461196E-6
170	2.0220238841461196E-6
171	3.0330358262191793E-6
172	4.044047768292239E-6
173	7.077083594511418E-6
174	3.0330358262191793E-6
175	0.0
176	1.0110119420730598E-6
177	4.044047768292239E-6
178	4.044047768292239E-6
179	1.0110119420730598E-6
180	2.0220238841461196E-6
181	3.0330358262191793E-6
182	2.0220238841461196E-6
183	2.0220238841461196E-6
184	0.0
185	5.055059710365299E-6
186	1.0110119420730598E-6
187	1.0110119420730598E-6
188	1.0110119420730598E-6
189	1.0110119420730598E-6
190	0.0
191	2.0220238841461196E-6
192	4.044047768292239E-6
193	3.0330358262191793E-6
194	0.0
195	2.0220238841461196E-6
196	0.0
197	1.0110119420730598E-6
198	0.0
199	0.0
200	1.0110119420730598E-6
201	4.044047768292239E-6
202	1.0110119420730598E-6
203	1.0110119420730598E-6
204	0.0
205	1.0110119420730598E-6
206	0.0
207	1.0110119420730598E-6
208	0.0
209	0.0
210	1.0110119420730598E-6
211	1.0110119420730598E-6
212	3.0330358262191793E-6
213	1.0110119420730598E-6
214	0.0
215	2.0220238841461196E-6
216	2.0220238841461196E-6
217	0.0
218	0.0
219	1.0110119420730598E-6
220	1.0110119420730598E-6
221	0.0
222	0.0
223	0.0
224	0.0
225	1.0110119420730598E-6
226	1.0110119420730598E-6
227	0.0
228	1.0110119420730598E-6
229	0.0
230	1.0110119420730598E-6
231	0.0
232	1.0110119420730598E-6
233	0.0
234	0.0
235	1.0110119420730598E-6
236	0.0
237	0.0
238	1.0110119420730598E-6
239	1.0110119420730598E-6
240	0.0
241	0.0
242	1.0110119420730598E-6
243	0.0
244	1.0110119420730598E-6
245	1.0110119420730598E-6
246	0.0
247	0.0
248	0.0
249	1.0110119420730598E-6
250	0.0
251	1.0110119420730598E-6
252	0.0
253	0.0
254	0.0
255	1.0110119420730598E-6
256	0.0
257	1.0110119420730598E-6
258	1.0110119420730598E-6
259	0.0
260	0.0
261	0.0
262	0.0
263	0.0
264	0.0
265	0.0
266	0.0
267	0.0
268	1.0110119420730598E-6
269	0.0
270	1.0110119420730598E-6
271	0.0
272	0.0
273	0.0
274	0.0
275	0.0
276	0.0
277	0.0
278	0.0
279	0.0
280	0.0
281	0.0
282	0.0
283	1.0110119420730598E-6
284	0.0
285	0.0
286	0.0
287	0.0
288	0.0
289	0.0
290	0.0
291	0.0
292	0.0
293	0.0
294	0.0
295	0.0
296	0.0
297	0.0
298	0.0
299	0.0
300	0.0
301	0.0
302	0.0
303	0.0
304	0.0
305	0.0
306	0.0
307	1.0110119420730598E-6
308	0.0
309	0.0
310	0.0
311	0.0
312	0.0
313	0.0
314	0.0
315	0.0
316	0.0
317	0.0
318	0.0
319	0.0
320	0.0
321	0.0
322	0.0
323	0.0
324	0.0
325	0.0
326	0.0
327	0.0
328	0.0
329	0.0
330	0.0
331	0.0
332	0.0
333	0.0
334	0.0
335	0.0
336	0.0
337	0.0
338	0.0
339	0.0
340	0.0
341	1.0110119420730598E-6
